5.000000000000000888e+00 1.406835076568376059e-23
5.034693157380139006e+00 1.367987042371257684e-23
5.069627037794075974e+00 1.330461899126432437e-23
5.104803311530234922e+00 1.294196146701622320e-23
5.140223660466546995e+00 1.259130763628854189e-23
5.175889778150882137e+00 1.225210796146129130e-23
5.211803369882009207e+00 1.192384991778528417e-23
5.247966152791137873e+00 1.160605471707676678e-23
5.284379855924021818e+00 1.129827437588798550e-23
5.321046220323622400e+00 1.100008908429236783e-23
5.357966999113356721e+00 1.071110484188105876e-23
5.395143957580921246e+00 1.043095133008003333e-23
5.432578873262690955e+00 1.015927999334748305e-23
5.470273536028714467e+00 9.895762306230700673e-24
5.508229748168283813e+00 9.640088206678194365e-24
5.546449324476114384e+00 9.391964674904251381e-24
5.584934092339116418e+00 9.151114446024030005e-24
5.623685891823758887e+00 8.917274838804369932e-24
5.662706575764059558e+00 8.690196690449538642e-24
5.701998009850164806e+00 8.469643385912764678e-24
5.741562072717556475e+00 8.255389972341202199e-24
5.781400656036880470e+00 8.047222348724328004e-24
5.821515664604382856e+00 7.844936526415931613e-24
5.861909016432995223e+00 7.648337950394578777e-24
5.902582642844026672e+00 7.455235033232196063e-24
5.943538488559517496e+00 7.265644066801871588e-24
5.984778511795218137e+00 7.081491113052059992e-24
6.026304684354212071e+00 6.902598624804285123e-24
6.068118991721204836e+00 6.728796495517371284e-24
6.110223433157442763e+00 6.559921627771849058e-24
6.152620021796308514e+00 6.395817532310559488e-24
6.195310784739581855e+00 6.236333956562482255e-24
6.238297763154347919e+00 6.081326540156818559e-24
6.281583012370603569e+00 5.930656493768567988e-24
6.325168601979518357e+00 5.784190301427337029e-24
6.369056615932393584e+00 5.641799442928172892e-24
6.413249152640303485e+00 5.503360135225266046e-24
6.457748325074419427e+00 5.368753092467864692e-24
6.502556260867045523e+00 5.237863300231646357e-24
6.547675102413337278e+00 5.110579807494998094e-24
6.593107006973743189e+00 4.986795529644491444e-24
6.638854146777149801e+00 4.866407066759669537e-24
6.684918709124731961e+00 4.747642052148687668e-24
6.731302896494550936e+00 4.632098073171459075e-24
6.778008926646843513e+00 4.519723976937017052e-24
6.825039032730071398e+00 4.410428056071483771e-24
6.872395463387687364e+00 4.304121556192134292e-24
6.920080482865659022e+00 4.200718552884449089e-24
6.968096371120712895e+00 4.100135836127505805e-24
7.016445423929364544e+00 4.002292801887238014e-24
7.065129952997670770e+00 3.907111348966662668e-24
7.114152286071764308e+00 3.814515783963913796e-24
7.163514767049155907e+00 3.724432729536702307e-24
7.213219756090789581e+00 3.636791039237077299e-24
7.263269629733905219e+00 3.551521716099269005e-24
7.313666781005652595e+00 3.468557836484498217e-24
7.364413619537513611e+00 3.387834477544428270e-24
7.415512571680523024e+00 3.309288648204338033e-24
7.466966080621261881e+00 3.232859224470659811e-24
7.518776606498691173e+00 3.158486886204618050e-24
7.570946626521762646e+00 3.086114059397537911e-24
7.623478635087869826e+00 3.015684858961999723e-24
7.676375143902114395e+00 2.947145034917217558e-24
7.729638682097387914e+00 2.880441921780094513e-24
7.783271796355308858e+00 2.815524388248815532e-24
7.837277051027977670e+00 2.752342790549331344e-24
7.891657028260587126e+00 2.690848927127751086e-24
7.946414328114890679e+00 2.630995995069949763e-24
8.001551568693503924e+00 2.572738548095509788e-24
8.057071386265098667e+00 2.516032455882306684e-24
8.112976435390438112e+00 2.460834865467098272e-24
8.169269389049306440e+00 2.407104163571978015e-24
8.225952938768314127e+00 2.354799939950291640e-24
8.283029794749570129e+00 2.303882952030592658e-24
8.340502686000293764e+00 2.254315091476179443e-24
8.398374360463268573e+00 2.206059350007520201e-24
8.456647585148241220e+00 2.159079788555199117e-24
8.515325146264222766e+00 2.113341505073480348e-24
8.574409849352699453e+00 2.068810604896968832e-24
8.633904519421777835e+00 2.025454170905484412e-24
8.693812001081255403e+00 1.983240235433152110e-24
8.754135158678622020e+00 1.942137751919225276e-24
8.814876876436029463e+00 1.902116568409612916e-24
8.876040058588174020e+00 1.863147400858703388e-24
8.937627629521175621e+00 1.825201807794227432e-24
8.999642533912386000e+00 1.788252165051687688e-24
9.062087736871186294e+00 1.752271641944645749e-24
9.124966224080763411e+00 1.717234177408493364e-24
9.188281001940856285e+00 1.683114456938181916e-24
9.252035097711509337e+00 1.649887890418606150e-24
9.316231559657802919e+00 1.617530590368653723e-24
9.380873457195605170e+00 1.586019350558882880e-24
9.445963881038332843e+00 1.555331625440734990e-24
9.511505943344722880e+00 1.525445510243736060e-24
9.577502777867637818e+00 1.496339721242259462e-24
9.643957540103892612e+00 1.467993577114103602e-24
9.710873407445131278e+00 1.440386980001644363e-24
9.778253579329746259e+00 1.413500398082162309e-24
9.846101277395861828e+00 1.387314847560925390e-24
9.914419745635354886e+00 1.361811876472571901e-24
9.983212250548969990e+00 1.336973547557014232e-24
1.005248208130249488e+01 1.313450937752924542e-24
1.012223254988401777e+01 1.290730422840284707e-24
1.019246699126231981e+01 1.268576645699553487e-24
1.026318876354625864e+01 1.246975289348168296e-24
1.033440124814541505e+01 1.225912425290672334e-24
1.040610784993169524e+01 1.205374500811418801e-24
1.047831199740216412e+01 1.185348328236168266e-24
1.055101714284298176e+01 1.165821072854901575e-24
1.062422676249441267e+01 1.146780242245992820e-24
1.069794435671711241e+01 1.128213675582997133e-24
1.077217345015942129e+01 1.110109533275371981e-24
1.084691759192592109e+01 1.092456287039161612e-24
1.092218035574714108e+01 1.075242710151327877e-24
1.099796534015037253e+01 1.058457868189656461e-24
1.107427616863180120e+01 1.042091109894758959e-24
1.115111648982969150e+01 1.026132058331965603e-24
1.122848997769887447e+01 1.010570602802148582e-24
1.130640033168639569e+01 9.953968902042222411e-25
1.138485127690839782e+01 9.806013174649410996e-25
1.146384656432824833e+01 9.661745237993003100e-25
1.154338997093584673e+01 9.521073833709105626e-25
1.162348529992824453e+01 9.383909982262734589e-25
1.170413638089146957e+01 9.250166913844805642e-25
1.178534706998363824e+01 9.119760003716396253e-25
1.186712125011933594e+01 8.992606707364482476e-25
1.194946283115524999e+01 8.868626500682144479e-25
1.203237575007712579e+01 8.747740818729808972e-25
1.211586397118800207e+01 8.629873001696082285e-25
1.219993148629774993e+01 8.514948238608380540e-25
1.228458231491395480e+01 8.402893515563881092e-25
1.236982050443406855e+01 8.293637563878248147e-25
1.245565013033894708e+01 8.187110813334223172e-25
1.254207529638770424e+01 8.083245344124507404e-25
1.262910013481392113e+01 7.981974841489425664e-25
1.271672880652324622e+01 7.883234553857872833e-25
1.280496550129229583e+01 7.786961250240906720e-25
1.289381443796900939e+01 7.693093180342475930e-25
1.298327986467436013e+01 7.601570036346694706e-25
1.307336605900545834e+01 7.512332916432374480e-25
1.316407732824010424e+01 7.425324288311461118e-25
1.325541800954269256e+01 7.340487955704353891e-25
1.334739247017160935e+01 7.257769024963635189e-25
1.344000510768803558e+01 7.177113873875372304e-25
1.353326035016620388e+01 7.098470121341767225e-25
1.362716265640514379e+01 7.021786597398751601e-25
1.372171651614182508e+01 6.947013316291556799e-25
1.381692645026585531e+01 6.874101447864900564e-25
1.391279701103562694e+01 6.803003291850992255e-25
1.400933278229597434e+01 6.733672253371881594e-25
1.410653837969735847e+01 6.666062817038277270e-25
1.420441845091651878e+01 6.600130524821949445e-25
1.430297767587871505e+01 6.535831952316972148e-25
1.440222076698148790e+01 6.473124687081438226e-25
1.450215246931995594e+01 6.411967306667244016e-25
1.460277756091373114e+01 6.352319359420926530e-25
1.470410085293531743e+01 6.294141342335031051e-25
1.480612718994017740e+01 6.237394683383969453e-25
1.490886145009836561e+01 6.182041721106324339e-25
1.501230854542774473e+01 6.128045687391548033e-25
1.511647342202888744e+01 6.075370688293439083e-25
1.522136106032151126e+01 6.023981687829243106e-25
1.532697647528264007e+01 5.973844489583480274e-25
1.543332471668636963e+01 5.924925720897253343e-25
1.554041086934531712e+01 5.877192816097430254e-25
1.564824005335375823e+01 5.830614000738292889e-25
1.575681742433239485e+01 5.785158275893233405e-25
1.586614817367488683e+01 5.740795402638902879e-25
1.597623752879606585e+01 5.697495887089411407e-25
1.608709075338185457e+01 5.655230965618961787e-25
1.619871314764099068e+01 5.613972590472877556e-25
1.631111004855834778e+01 5.573693415168079781e-25
1.642428683015022273e+01 5.534366780505058771e-25
1.653824890372121104e+01 5.495966701024276324e-25
1.665300171812294039e+01 5.458467850960049652e-25
1.676855076001465861e+01 5.421845550913136215e-25
1.688490155412545590e+01 5.386075754862379815e-25
1.700205966351853704e+01 5.351135036633077165e-25
1.712003068985712417e+01 5.317000577534402070e-25
1.723882027367231728e+01 5.283650153200989620e-25
1.735843409463281262e+01 5.251062121125947998e-25
1.747887787181637265e+01 5.219215408732654452e-25
1.760015736398340280e+01 5.188089500444603966e-25
1.772227836985217664e+01 5.157664426195060342e-25
1.784524672837614645e+01 5.127920749122013480e-25
1.796906831902314394e+01 5.098839554165093470e-25
1.809374906205639988e+01 5.070402436249631787e-25
1.821929491881772734e+01 5.042591488879728394e-25
1.834571189201246710e+01 5.015389293038726229e-25
1.847300602599650787e+01 4.988778905762192052e-25
1.860118340706534568e+01 4.962743849237032033e-25
1.873025016374496232e+01 4.937268100394146899e-25
1.886021246708499532e+01 4.912336079630804344e-25
1.899107653095367709e+01 4.887932640593005191e-25
1.912284861233499456e+01 4.864043060029217678e-25
1.925553501162785963e+01 4.840653027183427245e-25
1.938914207294728342e+01 4.817748634075726798e-25
1.952367618442780639e+01 4.795316365429902345e-25
1.965914377852884698e+01 4.773343089208650948e-25
1.979555133234229203e+01 4.751816046773403639e-25
1.993290536790221168e+01 4.730722843640160701e-25
2.007121245249660646e+01 4.710051440240618511e-25
2.021047919898153822e+01 4.689790142921417567e-25
2.035071226609719020e+01 4.669927594895986856e-25
2.049191835878630386e+01 4.650452767563039613e-25
2.063410422851477577e+01 4.631354952018992586e-25
2.077727667359437191e+01 4.612623750503150693e-25
2.092144253950791111e+01 4.594249068249377628e-25
2.106660871923644152e+01 4.576221105400254099e-25
2.121278215358888275e+01 4.558530348993745689e-25
2.135996983153390261e+01 4.541167565287977801e-25
2.150817879053397164e+01 4.524123792155825778e-25
2.165741611688200052e+01 4.507390331579370612e-25
2.180768894604002384e+01 4.490958742467111435e-25
2.195900446298042752e+01 4.474820833457104202e-25
2.211136990252950341e+01 4.458968656026744624e-25
2.226479254971327393e+01 4.443394497580873318e-25
2.241927974010593871e+01 4.428090874956115250e-25
2.257483886018050612e+01 4.413050527768954652e-25
2.273147734766199335e+01 4.398266412208624340e-25
2.288920269188310286e+01 4.383731694751986300e-25
2.304802243414216534e+01 4.369439746144196131e-25
2.320794416806389648e+01 4.355384135554168090e-25
2.336897553996231380e+01 4.341558624745418915e-25
2.353112424920640322e+01 4.327957162493593720e-25
2.369439804858827614e+01 4.314573879208457201e-25
2.385880474469372459e+01 4.301403081423215611e-25
2.402435219827565405e+01 4.288439246812583434e-25
2.419104832462978294e+01 4.275677018978236264e-25
2.435890109397316294e+01 4.263111202613260511e-25
2.452791853182525017e+01 4.250736758645746341e-25
2.469810871939160180e+01 4.238548799659222405e-25
2.486947979395032249e+01 4.226542585242628847e-25
2.504203994924105814e+01 4.214713517671681477e-25
2.521579743585680333e+01 4.203057137583206833e-25
2.539076056163837691e+01 4.191569119697697325e-25
2.556693769207162603e+01 4.180245268953551123e-25
2.574433725068747236e+01 4.169081516360814299e-25
2.592296771946456246e+01 4.158073915320570263e-25
2.610283763923488465e+01 4.147218637746830533e-25
2.628395561009211789e+01 4.136511970563497285e-25
2.646633029180280161e+01 4.125950312135541382e-25
2.664997040422045060e+01 4.115530168815556552e-25
2.683488472770237721e+01 4.105248151705621884e-25
2.702108210352958650e+01 4.095100973345437409e-25
2.720857143432946046e+01 4.085085444635046119e-25
2.739736168450142983e+01 4.075198471783018283e-25
2.758746188064564109e+01 4.065437053353456271e-25
2.777888111199438370e+01 4.055798277432306094e-25
2.797162853084689971e+01 4.046279318794004128e-25
2.816571335300678314e+01 4.036877436274679332e-25
2.836114485822271192e+01 4.027589970102183131e-25
2.855793239063217115e+01 4.018414339395790433e-25
2.875608535920806474e+01 4.009348039702788667e-25
2.895561323820880162e+01 4.000388640619696907e-25
2.915652556763112102e+01 3.991533783464311347e-25
2.935883195366627163e+01 3.982781179063346418e-25
2.956254206915940230e+01 3.974128605554426569e-25
2.976766565407184473e+01 3.965573906306133962e-25
2.997421251594705538e+01 3.957114987857545040e-25
3.018219253037934635e+01 3.948749817951114193e-25
3.039161564148614758e+01 3.940476423625958102e-25
3.060249186238350916e+01 3.932292889342099654e-25
3.081483127566470870e+01 3.924197355205934782e-25
3.102864403388251446e+01 3.916188015209329075e-25
3.124394036003446828e+01 3.908263115550775823e-25
3.146073054805171409e+01 3.900420953001311937e-25
3.167902496329126549e+01 3.892659873319960742e-25
3.189883404303140679e+01 3.884978269713023475e-25
3.212016829697096654e+01 3.877374581371218350e-25
3.234303830773163213e+01 3.869847291985651539e-25
3.256745473136400904e+01 3.862394928423375289e-25
3.279342829785717583e+01 3.855016059314152140e-25
3.302096981165151846e+01 3.847709293780755715e-25
3.325009015215560737e+01 3.840473280159615481e-25
3.348080027426610883e+01 3.833306704781928740e-25
3.371311120889170354e+01 3.826208290792580854e-25
3.394703406348055807e+01 3.819176796989260535e-25
3.418258002255118555e+01 3.812211016722676518e-25
3.441976034822749142e+01 3.805309776820657887e-25
3.465858638077703091e+01 3.798471936540523206e-25
3.489906953915329524e+01 3.791696386561156095e-25
3.514122132154175659e+01 3.784982048018414778e-25
3.538505330590944453e+01 3.778327871546926940e-25
3.563057715055874297e+01 3.771732836372047893e-25
3.587780459468464045e+01 3.765195949427400894e-25
3.612674745893606598e+01 3.758716244491714400e-25
3.637741764598116134e+01 3.752292781364947465e-25
3.662982714107614868e+01 3.745924645065572655e-25
3.688398801263866744e+01 3.739610945052098949e-25
3.713991241282458589e+01 3.733350814470138216e-25
3.739761257810909711e+01 3.727143409429915167e-25
3.765710082987187235e+01 3.720987908300413298e-25
3.791838957498595164e+01 3.714883511019086039e-25
3.818149130641122468e+01 3.708829438446428166e-25
3.844641860379156384e+01 3.702824931719495228e-25
3.871318413405634118e+01 3.696869251636467512e-25
3.898180065202618039e+01 3.690961678055239126e-25
3.925228100102253848e+01 3.685101509320325471e-25
3.952463811348211919e+01 3.679288061695948489e-25
3.979888501157492442e+01 3.673520668833746647e-25
4.007503480782702354e+01 3.667798681236888645e-25
4.035310070574752928e+01 3.662121465762091303e-25
4.063309600045972303e+01 3.656488405122123266e-25
4.091503407933696224e+01 3.650898897413320554e-25
4.119892842264259514e+01 3.645352355652961577e-25
4.148479260417452963e+01 3.639848207337912633e-25
4.177264029191434958e+01 3.634385894005094035e-25
4.206248524868058780e+01 3.628964870828576668e-25
4.235434133278702973e+01 3.623584606200887895e-25
4.264822249870512394e+01 3.618244581349772841e-25
4.294414279773126708e+01 3.612944289958865587e-25
4.324211637865862912e+01 3.607683237801230636e-25
4.354215748845361134e+01 3.602460942385864219e-25
4.384428047293715025e+01 3.597276932611573190e-25
4.414849977747045529e+01 3.592130748439941942e-25
4.445482994764580553e+01 3.587021940568761248e-25
4.476328562998200056e+01 3.581950070125044696e-25
4.507388157262457895e+01 3.576914708362651595e-25
4.538663262605113857e+01 3.571915436367983597e-25
4.570155374378115454e+01 3.566951844782987260e-25
4.601865998309111916e+01 3.562023533529153022e-25
4.633796650573440701e+01 3.557130111542680919e-25
4.665948857866618482e+01 3.552271196519443770e-25
4.698324157477347285e+01 3.547446414669329977e-25
4.730924097361000236e+01 3.542655400471202544e-25
4.763750236213646616e+01 3.537897796446605856e-25
4.796804143546572874e+01 3.533173252932202828e-25
4.830087399761322331e+01 3.528481427860868470e-25
4.863601596225270640e+01 3.523821986555524249e-25
4.897348335347697201e+01 3.519194601519715045e-25
4.931329230656412221e+01 3.514598952245200931e-25
4.965545906874899629e+01 3.510034725017843567e-25
4.999999999999999289e+01 3.505501612733570158e-25
5.034693157380139894e+01 3.500999314718975114e-25
5.069627037794075619e+01 3.496527536559132620e-25
5.104803311530231724e+01 3.492085989928516015e-25
5.140223660466548239e+01 3.487674392427537492e-25
5.175889778150880716e+01 3.483292467428187326e-25
5.211803369882010628e+01 3.478939943918596783e-25
5.247966152791137517e+01 3.474616556357515595e-25
5.284379855924019154e+01 3.470322044530772162e-25
5.321046220323622578e+01 3.466056153412890772e-25
5.357966999113354944e+01 3.461818633032728468e-25
5.395143957580922489e+01 3.457609238345792482e-25
5.432578873262691133e+01 3.453427729106218341e-25
5.470273536028711447e+01 3.449273869747330912e-25
5.508229748168283635e+01 3.445147429262818001e-25
5.546449324476112963e+01 3.441048181092943413e-25
5.584934092339118195e+01 3.436975903014629049e-25
5.623685891823758709e+01 3.432930377034154771e-25
5.662706575764056538e+01 3.428911389284243413e-25
5.701998009850164806e+01 3.424918729923573919e-25
5.741562072717555054e+01 3.420952193040490912e-25
5.781400656036881713e+01 3.417011576558305762e-25
5.821515664604383034e+01 3.413096682145106326e-25
5.861909016432991848e+01 3.409207315124991971e-25
5.902582642844026850e+01 3.405343284394309958e-25
5.943538488559515542e+01 3.401504402337779328e-25
5.984778511795219202e+01 3.397690484749121159e-25
6.026304684354212071e+01 3.393901350754557297e-25
6.068118991721201638e+01 3.390136822737105770e-25
6.110223433157442230e+01 3.386396726264344358e-25
6.152620021796307270e+01 3.382680890018723990e-25
6.195310784739583454e+01 3.378989145729406136e-25
6.238297763154347564e+01 3.375321328106560938e-25
6.281583012370606411e+01 3.371677274778162814e-25
6.325168601979518002e+01 3.368056826228384445e-25
6.369056615932391452e+01 3.364459825737827483e-25
6.413249152640305795e+01 3.360886119326062455e-25
6.457748325074419427e+01 3.357335555696144517e-25
6.502556260867048366e+01 3.353807986180686267e-25
6.547675102413337811e+01 3.350303264689243357e-25
6.593107006973741591e+01 3.346821247658463887e-25
6.638854146777151755e+01 3.343361794002920601e-25
6.684918709124731606e+01 3.339924765067804123e-25
6.731302896494554489e+01 3.336510024583845052e-25
6.778008926646843690e+01 3.333117438622634147e-25
6.825039032730067845e+01 3.329746875554174592e-25
6.872395463387690029e+01 3.326398206005595045e-25
6.920080482865657245e+01 3.323071302821193397e-25
6.968096371120716981e+01 3.319766041024078921e-25
7.016445423929364722e+01 3.316482297778857669e-25
7.065129952997666862e+01 3.313219952355557198e-25
7.114152286071765730e+01 3.309978886094878314e-25
7.163514767049153420e+01 3.306758982374861995e-25
7.213219756090792600e+01 3.303560126578207444e-25
7.263269629733905219e+01 3.300382206061198620e-25
7.313666781005647977e+01 3.297225110123283738e-25
7.364413619537515387e+01 3.294088729978116777e-25
7.415512571680521603e+01 3.290972958725303374e-25
7.466966080621266144e+01 3.287877691323588072e-25
7.518776606498691706e+01 3.284802824564213302e-25
7.570946626521758560e+01 3.281748257046211503e-25
7.623478635087872135e+01 3.278713889152083865e-25
7.676375143902112086e+01 3.275699623023860197e-25
7.729638682097392177e+01 3.272705362541511616e-25
7.783271796355309391e+01 3.269731013300532578e-25
7.837277051027973584e+01 3.266776482591415652e-25
7.891657028260588902e+01 3.263841679379730101e-25
7.946414328114889258e+01 3.260926514286605463e-25
8.001551568693507477e+01 3.258030899570385112e-25
8.057071386265099022e+01 3.255154749109032418e-25
8.112976435390434915e+01 3.252297978382796795e-25
8.169269389049308927e+01 3.249460504458090141e-25
8.225952938768311640e+01 3.246642245971971693e-25
8.283029794749575103e+01 3.243843123116739407e-25
8.340502686000294830e+01 3.241063057626211114e-25
8.398374360463265020e+01 3.238301972761437209e-25
8.456647585148242285e+01 3.235559793298361637e-25
8.515325146264220280e+01 3.232836445514597581e-25
8.574409849352703361e+01 3.230131857178261184e-25
8.633904519421778900e+01 3.227445957536067830e-25
8.693812001081251140e+01 3.224778677303109937e-25
8.754135158678624862e+01 3.222129948652517659e-25
8.814876876436026976e+01 3.219499705205836359e-25
8.876040058588178283e+01 3.216887882023753522e-25
8.937627629521176686e+01 3.214294415597797286e-25
8.999642533912381737e+01 3.211719243842186038e-25
9.062087736871187360e+01 3.209162306086153269e-25
9.124966224080760924e+01 3.206623543066723329e-25
9.188281001940860904e+01 3.204102896922547887e-25
9.252035097711508627e+01 3.201600311187161540e-25
9.316231559657798300e+01 3.199115730783573151e-25
9.380873457195606591e+01 3.196649102019082202e-25
9.445963881038331067e+01 3.194200372580223249e-25
9.511505943344727143e+01 3.191769491528430362e-25
9.577502777867637462e+01 3.189356409296198411e-25
9.643957540103887993e+01 3.186961077683214947e-25
9.710873407445130567e+01 3.184583449853375552e-25
9.778253579329744127e+01 3.182223480332189026e-25
9.846101277395865736e+01 3.179881125003991557e-25
9.914419745635355241e+01 3.177556341110192665e-25
9.983212250548965017e+01 3.175249087247848995e-25
1.005248208130249452e+02 3.172959323367938727e-25
1.012223254988401777e+02 3.170687010774826637e-25
1.019246699126232016e+02 3.168432112125800325e-25
1.026318876354625900e+02 3.166194591430717109e-25
1.033440124814540866e+02 3.163974414052237289e-25
1.040610784993169489e+02 3.161771546706435766e-25
1.047831199740216306e+02 3.159585957463551886e-25
1.055101714284298140e+02 3.157417615749582778e-25
1.062422676249441338e+02 3.155266492347399622e-25
1.069794435671710602e+02 3.153132559398855268e-25
1.077217345015942129e+02 3.151015790406985535e-25
1.084691759192592002e+02 3.148916160238448823e-25
1.092218035574714037e+02 3.146833645126717852e-25
1.099796534015037253e+02 3.144768222674841157e-25
1.107427616863179480e+02 3.142719871859227169e-25
1.115111648982969115e+02 3.140688573033350698e-25
1.122848997769886807e+02 3.138674307931937874e-25
1.130640033168639604e+02 3.136677059675431189e-25
1.138485127690839818e+02 3.134696812774719485e-25
1.146384656432825437e+02 3.132733553136145744e-25
1.154338997093584709e+02 3.130787268066969003e-25
1.162348529992823813e+02 3.128857946280838211e-25
1.170413638089146957e+02 3.126945577904141730e-25
1.178534706998363788e+02 3.125050154482126801e-25
1.186712125011934233e+02 3.123171668985388173e-25
1.194946283115525034e+02 3.121310115816788833e-25
1.203237575007711939e+02 3.119465490818877095e-25
1.211586397118800136e+02 3.117637791281316552e-25
1.219993148629774993e+02 3.115827015948667299e-25
1.228458231491396191e+02 3.114033165028763625e-25
1.236982050443406962e+02 3.112256240200664212e-25
1.245565013033894104e+02 3.110496244624345371e-25
1.254207529638770353e+02 3.108753182948796803e-25
1.262910013481392184e+02 3.107027061322477524e-25
1.271672880652325262e+02 3.105317887402356158e-25
1.280496550129229547e+02 3.103625670364435738e-25
1.289381443796900157e+02 3.101950420914043877e-25
1.298327986467436119e+02 3.100292151297247919e-25
1.307336605900545976e+02 3.098650875310990822e-25
1.316407732824011134e+02 3.097026608315930681e-25
1.325541800954269434e+02 3.095419367247762206e-25
1.334739247017160153e+02 3.093829170629558034e-25
1.344000510768803451e+02 3.092256038584977432e-25
1.353326035016620494e+02 3.090699992851445147e-25
1.362716265640515019e+02 3.089161056793832142e-25
1.372171651614182508e+02 3.087639255418585402e-25
1.381692645026584785e+02 3.086134615388990538e-25
1.391279701103562729e+02 3.084647165039949035e-25
1.400933278229597363e+02 3.083176934393976454e-25
1.410653837969736628e+02 3.081723955178174094e-25
1.420441845091651771e+02 3.080288260840884731e-25
1.430297767587870794e+02 3.078869886570047326e-25
1.440222076698148612e+02 3.077468869311713351e-25
1.450215246931995523e+02 3.076085247790027443e-25
1.460277756091373931e+02 3.074719062526977543e-25
1.470410085293531779e+02 3.073370355865193976e-25
1.480612718994017030e+02 3.072039171989697933e-25
1.490886145009836525e+02 3.070725556952815067e-25
1.501230854542774296e+02 3.069429558699045460e-25
1.511647342202889490e+02 3.068151227092681772e-25
1.522136106032151304e+02 3.066890613946896756e-25
1.532697647528263190e+02 3.065647773054697794e-25
1.543332471668637140e+02 3.064422760222655313e-25
1.554041086934531677e+02 3.063215633306981283e-25
1.564824005335376569e+02 3.062026452253631478e-25
1.575681742433239378e+02 3.060855279140803277e-25
1.586614817367487831e+02 3.059702178227199341e-25
1.597623752879606513e+02 3.058567216004200744e-25
1.608709075338185528e+02 3.057450461254283987e-25
1.619871314764099282e+02 3.056351985116967148e-25
1.631111004855834778e+02 3.055271861162263131e-25
1.642428683015021704e+02 3.054210165474828526e-25
1.653824890372121104e+02 3.053166976749245697e-25
1.665300171812293968e+02 3.052142376400878321e-25
1.676855076001465932e+02 3.051136448692573614e-25
1.688490155412545448e+02 3.050149280884317909e-25
1.700205966351852851e+02 3.049180963407853134e-25
1.712003068985712559e+02 3.048231590074491810e-25
1.723882027367231728e+02 3.047301258321945153e-25
1.735843409463281262e+02 3.046390069512899099e-25
1.747887787181637407e+02 3.045498129295564591e-25
1.760015736398339357e+02 3.044625548044761177e-25
1.772227836985217664e+02 3.043772441406361448e-25
1.784524672837614503e+02 3.042938930973348606e-25
1.796906831902314536e+02 3.042125145135004603e-25
1.809374906205640059e+02 3.041331220151709167e-25
1.821929491881772094e+02 3.040557301529956410e-25
1.834571189201246852e+02 3.039803545800893851e-25
1.847300602599650858e+02 3.039070122844272456e-25
1.860118340706534639e+02 3.038357218962369409e-25
1.873025016374496374e+02 3.037665040999679806e-25
1.886021246708498609e+02 3.036993821938374449e-25
1.899107653095367994e+02 3.036343828614030792e-25
1.912284861233499385e+02 3.035715372532351502e-25
1.925553501162786176e+02 3.035108825305141431e-25
1.938914207294728271e+02 3.034524641127465913e-25
1.952367618442779644e+02 3.033963390239346875e-25
1.965914377852884911e+02 3.033425810002803842e-25
1.979555133234229061e+02 3.032912885102842408e-25
1.993290536790221097e+02 3.032425977616115834e-25
2.007121245249660717e+02 3.031967045971608682e-25
2.021047919898154817e+02 3.031539029986098123e-25
2.035071226609719020e+02 3.031146563858688474e-25
2.049191835878630457e+02 3.030797381417215773e-25
2.063410422851477790e+02 3.030505306923417148e-25
2.077727667359437476e+02 3.030297270894911177e-25
2.092144253950791892e+02 3.030232010907677994e-25
2.106660871923644152e+02 3.030459550818929632e-25
2.121278215358888133e+02 3.031467667586611674e-25
2.135996983153390261e+02 3.035696202417697087e-25
2.150817879053397235e+02 3.081157074138845108e-25
2.165741611688201260e+02 3.122430052990143511e-25
2.180768894604002526e+02 3.035880165738765640e-25
2.195900446298042823e+02 3.030193193180649124e-25
2.211136990252950341e+02 3.028597636628349252e-25
2.226479254971327464e+02 3.027883972626794061e-25
2.241927974010595221e+02 3.027480918117214271e-25
2.257483886018050612e+02 3.027223935329032402e-25
2.273147734766199335e+02 3.027051641605328293e-25
2.288920269188310215e+02 3.026937055588879370e-25
2.304802243414216605e+02 3.026866900368986422e-25
2.320794416806390643e+02 3.026834092499672112e-25
2.336897553996231522e+02 3.026834625832291077e-25
2.353112424920640535e+02 3.026866140948732753e-25
2.369439804858827756e+02 3.026927214052431669e-25
2.385880474469372530e+02 3.027016980017793726e-25
2.402435219827566755e+02 3.027134921675755133e-25
2.419104832462978152e+02 3.027280746643118647e-25
2.435890109397315086e+02 3.027454312532647525e-25
2.452791853182525017e+02 3.027655580020827717e-25
2.469810871939160108e+02 3.027884582542423202e-25
2.486947979395033599e+02 3.028141406222909392e-25
2.504203994924105814e+02 3.028426176291221830e-25
2.521579743585679125e+02 3.028739047696959366e-25
2.539076056163837620e+02 3.029080198515332334e-25
2.556693769207162745e+02 3.029449825238645085e-25
2.574433725068748231e+02 3.029848139366760387e-25
2.592296771946456033e+02 3.030275364906983654e-25
2.610283763923487186e+02 3.030731736520254171e-25
2.628395561009211860e+02 3.031217498133720592e-25
2.646633029180280232e+02 3.031732901892187119e-25
2.664997040422045984e+02 3.032278207361152673e-25
2.683488472770237649e+02 3.032853680917594415e-25
2.702108210352957371e+02 3.033459595280745756e-25
2.720857143432946259e+02 3.034096229151552036e-25
2.739736168450143055e+02 3.034763866934630297e-25
2.758746188064563967e+02 3.035462798523210293e-25
2.777888111199438299e+02 3.036193319135710929e-25
2.797162853084688550e+02 3.036955729190222719e-25
2.816571335300678243e+02 3.037750334210503138e-25
2.836114485822271263e+02 3.038577444757403512e-25
2.855793239063216902e+02 3.039437376379874785e-25
2.875608535920806617e+02 3.040330449581341947e-25
2.895561323820878670e+02 3.041256989800962253e-25
2.915652556763112102e+02 3.042217327403930142e-25
2.935883195366627092e+02 3.043211797681547038e-25
2.956254206915940017e+02 3.044240740858558543e-25
2.976766565407184544e+02 3.045304502106248803e-25
2.997421251594703904e+02 3.046403431560522000e-25
3.018219253037934777e+02 3.047537884345674427e-25
3.039161564148614616e+02 3.048708220599436651e-25
3.060249186238351058e+02 3.049914805503518460e-25
3.081483127566470444e+02 3.051158009315475776e-25
3.102864403388250025e+02 3.052438207403210959e-25
3.124394036003446899e+02 3.053755780281695526e-25
3.146073054805171409e+02 3.055111113651306417e-25
3.167902496329126620e+02 3.056504598437858466e-25
3.189883404303140537e+02 3.057936630834276596e-25
3.212016829697095091e+02 3.059407612342957696e-25
3.234303830773163213e+02 3.060917949820298436e-25
3.256745473136401188e+02 3.062468055521815428e-25
3.279342829785717299e+02 3.064058347147753026e-25
3.302096981165151988e+02 3.065689247891718949e-25
3.325009015215558748e+02 3.067361186488095271e-25
3.348080027426610741e+02 3.069074597262120908e-25
3.371311120889170638e+02 3.070829920180863998e-25
3.394703406348055523e+02 3.072627600905129153e-25
3.418258002255118981e+02 3.074468090842760621e-25
3.441976034822747579e+02 3.076351847204404339e-25
3.465858638077702949e+02 3.078279333059811821e-25
3.489906953915329382e+02 3.080251017397572711e-25
3.514122132154175802e+02 3.082267375186988038e-25
3.538505330590944027e+02 3.084328887443123264e-25
3.563057715055872450e+02 3.086436041296360357e-25
3.587780459468463619e+02 3.088589330066777654e-25
3.612674745893606314e+02 3.090789253345801720e-25
3.637741764598115992e+02 3.093036317086154706e-25
3.662982714107614584e+02 3.095331033703828485e-25
3.688398801263868449e+02 3.097673922194922820e-25
3.713991241282458873e+02 3.100065508275847860e-25
3.739761257810910138e+02 3.102506324549955518e-25
3.765710082987187093e+02 3.104996910718268871e-25
3.791838957498594596e+02 3.107537813847321765e-25
3.818149130641124316e+02 3.110129588723734285e-25
3.844641860379156242e+02 3.112772798335251677e-25
3.871318413405634260e+02 3.115468014543621194e-25
3.898180065202618039e+02 3.118215819055440221e-25
3.925228100102253848e+02 3.121016804866270379e-25
3.952463811348213767e+02 3.123871578481504963e-25
3.979888501157492442e+02 3.126780763453633947e-25
4.007503480782701786e+02 3.129745006242697239e-25
4.035310070574753354e+02 3.132764986361546636e-25
4.063309600045972161e+02 3.135841434861164889e-25
4.091503407933698213e+02 3.138975170113632552e-25
4.119892842264259230e+02 3.142167172364658561e-25
4.148479260417452679e+02 3.145418754055867159e-25
4.177264029191435384e+02 3.148731998337060457e-25
4.206248524868058780e+02 3.152111087646994399e-25
4.235434133278704962e+02 3.155567411687612719e-25
4.264822249870512110e+02 3.159148704317645486e-25
4.294414279773124008e+02 3.163335443774054907e-25
4.324211637865862485e+02 3.181132118917966533e-25
4.354215748845361418e+02 3.170163422065422207e-25
4.384428047293717441e+02 3.173642336295650998e-25
4.414849977747045386e+02 3.177385235476901901e-25
4.445482994764578280e+02 3.181227838334476070e-25
4.476328562998199914e+02 3.185146609287866685e-25
4.507388157262458321e+02 3.189135867980372425e-25
4.538663262605115847e+02 3.193194073529981936e-25
4.570155374378115312e+02 3.197320996893687720e-25
4.601865998309110068e+02 3.201516917246303062e-25
4.633796650573440843e+02 3.205782341702566229e-25
4.665948857866619051e+02 3.210117892426578419e-25
4.698324157477349559e+02 3.214524256002909422e-25
4.730924097361000236e+02 3.219002158756549143e-25
4.763750236213644484e+02 3.223552353895204834e-25
4.796804143546572732e+02 3.228175614440821214e-25
4.830087399761322331e+02 3.232872729169068961e-25
4.863601596225273056e+02 3.237644500193369993e-25
4.897348335347697343e+02 3.242491741485393193e-25
4.931329230656409663e+02 3.247415277951096101e-25
4.965545906874899629e+02 3.252415944845877904e-25
4.999999999999999432e+02 3.257494587402267772e-25
5.034693157380134494e+02 3.262652060597197184e-25
5.069627037794076045e+02 3.267889229009249453e-25
5.104803311530232008e+02 3.273206966737434443e-25
5.140223660466548381e+02 3.278606157363313776e-25
5.175889778150880147e+02 3.284087693942699819e-25
5.211803369882004517e+02 3.289652479018570512e-25
5.247966152791137802e+02 3.295301424650148619e-25
5.284379855924019012e+02 3.301035452453794693e-25
5.321046220323622720e+02 3.306855493652562433e-25
5.357966999113355087e+02 3.312762489133831882e-25
5.395143957580917231e+02 3.318757389512355877e-25
5.432578873262691559e+02 3.324841155197952449e-25
5.470273536028711305e+02 3.331014756469339186e-25
5.508229748168283777e+02 3.337279173550874646e-25
5.546449324476112679e+02 3.343635396695317292e-25
5.584934092339112794e+02 3.350084426270335908e-25
5.623685891823758993e+02 3.356627272852894909e-25
5.662706575764057106e+02 3.363264957329368801e-25
5.701998009850165090e+02 3.369998511006631914e-25
5.741562072717555338e+02 3.376828975736724168e-25
5.781400656036876171e+02 3.383757404060476276e-25
5.821515664604382891e+02 3.390784859380313386e-25
5.861909016432991848e+02 3.397912416176576806e-25
5.902582642844026850e+02 3.405141160293969933e-25
5.943538488559515827e+02 3.412472189342195664e-25
5.984778511795212808e+02 3.419906613291320857e-25
6.026304684354212213e+02 3.427445555416854051e-25
6.068118991721202065e+02 3.435090153897674834e-25
6.110223433157442514e+02 3.442841564709937462e-25
6.152620021796307128e+02 3.450700967281085275e-25
6.195310784739577912e+02 3.458669576526090003e-25
6.238297763154347422e+02 3.466748671319368134e-25
6.281583012370599590e+02 3.474939671603019878e-25
6.325168601979518144e+02 3.483244390075026823e-25
6.369056615932391878e+02 3.491666121420184002e-25
6.413249152640298689e+02 3.500217429631367200e-25
6.457748325074419427e+02 3.509150844957079741e-25
6.502556260867041829e+02 3.517795899301498350e-25
6.547675102413337527e+02 3.526506997066114046e-25
6.593107006973741591e+02 3.535495494196180554e-25
6.638854146777144933e+02 3.544616524359475050e-25
6.684918709124732459e+02 3.553862737809944704e-25
6.731302896494547667e+02 3.563233771263690103e-25
6.778008926646843975e+02 3.572730444212307370e-25
6.825039032730068129e+02 3.582353898378699722e-25
6.872395463387682639e+02 3.592105394371899116e-25
6.920080482865656677e+02 3.601986248941419506e-25
6.968096371120709591e+02 3.611997811890370089e-25
7.016445423929365006e+02 3.622141456462680816e-25
7.065129952997667715e+02 3.632418574971010032e-25
7.114152286071758908e+02 3.642830576686699509e-25
7.163514767049153988e+02 3.653378886790881302e-25
7.213219756090785495e+02 3.664064945859587799e-25
7.263269629733905504e+02 3.674890209631648990e-25
7.313666781005648545e+02 3.685856148936460174e-25
7.364413619537507429e+02 3.696964249716276399e-25
7.415512571680520750e+02 3.708216013106079504e-25
7.466966080621258470e+02 3.719612955551333720e-25
7.518776606498690853e+02 3.731156608951930922e-25
7.570946626521758844e+02 3.742848520825629807e-25
7.623478635087872135e+02 3.754690254486115275e-25
7.676375143902112086e+02 3.766683389235685371e-25
7.729638682097383935e+02 3.778829520569896587e-25
7.783271796355309107e+02 3.791130260397695842e-25
7.837277051027973584e+02 3.803587237278042903e-25
7.891657028260589186e+02 3.816202096682442357e-25
7.946414328114889258e+02 3.828976501290058351e-25
8.001551568693499803e+02 3.841912131343383828e-25
8.057071386265098454e+02 3.855010685101727423e-25
8.112976435390434062e+02 3.868273879480954678e-25
8.169269389049309211e+02 3.881703451066458365e-25
8.225952938768310787e+02 3.895301157937962393e-25
8.283029794749566008e+02 3.909068783440647736e-25
8.340502686000294261e+02 3.923008145216287267e-25
8.398374360463265020e+02 3.937121120901768715e-25
8.456647585148242570e+02 3.951409739969044390e-25
8.515325146264220848e+02 3.965876650078837380e-25
8.574409849352695119e+02 3.980529865927055757e-25
8.633904519421778332e+02 4.003188031709275588e-25
8.693812001081250855e+02 4.010363589171005594e-25
8.754135158678624293e+02 4.025545808444174374e-25
8.814876876436027260e+02 4.040923243122088719e-25
8.876040058588170041e+02 4.056490501454768290e-25
8.937627629521176686e+02 4.072248720012456202e-25
8.999642533912381168e+02 4.088199706184277837e-25
9.062087736871186507e+02 4.104345425248551042e-25
9.124966224080760639e+02 4.120687905381374635e-25
9.188281001940850956e+02 4.137229212545572516e-25
9.252035097711509479e+02 4.153971442337845050e-25
9.316231559657798016e+02 4.170916717034378458e-25
9.380873457195606306e+02 4.188067184511956806e-25
9.445963881038330783e+02 4.205425017937544722e-25
9.511505943344717480e+02 4.222992415803662423e-25
9.577502777867638315e+02 4.240771602137371164e-25
9.643957540103887141e+02 4.258764826801401829e-25
9.710873407445130852e+02 4.276974365851000120e-25
9.778253579329743843e+02 4.295402521928051442e-25
9.846101277395855504e+02 4.314051624682727977e-25
9.914419745635356094e+02 4.332924031221356620e-25
9.983212250548965585e+02 4.352022126581672263e-25
1.005248208130249395e+03 4.371348324244345183e-25
1.012223254988401777e+03 4.390905066700774203e-25
1.019246699126230965e+03 4.410694826118592813e-25
1.026318876354625900e+03 4.430720105208180246e-25
1.033440124814540923e+03 4.450983438540405334e-25
1.040610784993169545e+03 4.471487395030412093e-25
1.047831199740216334e+03 4.492234583923945929e-25
1.055101714284297032e+03 4.513227673742845679e-25
1.062422676249441338e+03 4.534469476739317789e-25
1.069794435671710517e+03 4.555963618066910947e-25
1.077217345015942101e+03 4.577749460392739712e-25
1.084691759192592144e+03 4.599718101758026058e-25
1.092218035574712985e+03 4.621974633523141030e-25
1.099796534015037196e+03 4.644498764268244896e-25
1.107427616863179537e+03 4.667288537329046544e-25
1.115111648982969200e+03 4.690346469609746738e-25
1.122848997769886864e+03 4.713675417606610942e-25
1.130640033168638411e+03 4.737278330732323852e-25
1.138485127690839818e+03 4.761158211996247947e-25
1.146384656432824158e+03 4.785318108801792292e-25
1.154338997093584794e+03 4.809761110497533630e-25
1.162348529992823842e+03 4.834490347898330999e-25
1.170413638089145707e+03 4.859508993498619186e-25
1.178534706998363845e+03 4.884820261966350531e-25
1.186712125011933040e+03 4.910427410771106562e-25
1.194946283115524921e+03 4.936333740883231522e-25
1.203237575007711939e+03 4.962542597522719618e-25
1.211586397118798914e+03 4.989057370947650306e-25
1.219993148629774851e+03 5.015881497292394740e-25
1.228458231491394827e+03 5.043018459473650087e-25
1.236982050443406933e+03 5.070471788230666616e-25
1.245565013033894047e+03 5.098245063468180202e-25
1.254207529638769074e+03 5.126341916438038005e-25
1.262910013481392070e+03 5.154766034733816110e-25
1.271672880652324011e+03 5.183521179748443369e-25
1.280496550129229490e+03 5.212611290485420034e-25
1.289381443796900385e+03 5.242042311270244411e-25
1.298327986467434812e+03 5.271820420978598188e-25
1.307336605900545919e+03 5.301927925930372829e-25
1.316407732824009827e+03 5.332395153756900491e-25
1.325541800954269320e+03 5.363217180840171932e-25
1.334739247017160324e+03 5.394397843572372998e-25
1.344000510768802087e+03 5.425941264867709862e-25
1.353326035016620381e+03 5.457851660060655636e-25
1.362716265640513711e+03 5.490133313170069985e-25
1.372171651614182565e+03 5.522790572573401948e-25
1.381692645026584842e+03 5.555827850526895393e-25
1.391279701103562729e+03 5.589249623732238823e-25
1.400933278229597590e+03 5.623060434260972294e-25
1.410653837969735150e+03 5.657264890630891271e-25
1.420441845091651885e+03 5.691867668968104520e-25
1.430297767587870794e+03 5.726873514232642180e-25
1.440222076698148840e+03 5.762287241521067879e-25
1.450215246931995580e+03 5.798113737501212761e-25
1.460277756091372339e+03 5.834357962169766367e-25
1.470410085293531665e+03 5.871024951723462000e-25
1.480612718994017087e+03 5.908119828652857530e-25
1.490886145009836582e+03 5.945648517722812926e-25
1.501230854542774523e+03 5.983614485419198581e-25
1.511647342202888012e+03 6.022126952178027080e-25
1.522136106032151247e+03 6.060883023741717932e-25
1.532697647528263133e+03 6.100196212783393205e-25
1.543332471668637027e+03 6.139969822932218152e-25
1.554041086934531677e+03 6.180209312271452033e-25
1.564824005335374977e+03 6.220920413224107500e-25
1.575681742433239378e+03 6.262108967778407416e-25
1.586614817367487831e+03 6.303780912746202237e-25
1.597623752879606627e+03 6.345942278287368281e-25
1.608709075338185585e+03 6.388599188801094175e-25
1.619871314764097406e+03 6.431757864444598438e-25
1.631111004855834835e+03 6.475424622893928178e-25
1.642428683015021534e+03 6.519605881238844051e-25
1.653824890372120990e+03 6.564308158000244990e-25
1.665300171812294138e+03 6.609538075311140016e-25
1.676855076001464113e+03 6.655302361433435826e-25
1.688490155412545391e+03 6.701607854313427925e-25
1.700205966351852794e+03 6.748461510181664949e-25
1.712003068985712616e+03 6.795870459161631047e-25
1.723882027367231785e+03 6.843846363971233034e-25
1.735843409463279386e+03 6.892382721526649604e-25
1.747887787181637350e+03 6.941500369292608314e-25
1.760015736398339186e+03 6.991202884487880854e-25
1.772227836985217436e+03 7.041497695871692611e-25
1.784524672837614617e+03 7.092392572960738051e-25
1.796906831902312661e+03 7.143895435229287204e-25
1.809374906205639945e+03 7.196014343041484687e-25
1.821929491881772037e+03 7.248757499914322348e-25
1.834571189201246852e+03 7.302133256910156765e-25
1.847300602599651029e+03 7.356150117987650441e-25
1.860118340706532763e+03 7.410816746187444408e-25
1.873025016374496317e+03 7.466141970758695583e-25
1.886021246708498438e+03 7.522134795497259516e-25
1.899107653095367823e+03 7.578804408886942808e-25
1.912284861233499214e+03 7.636160198312893872e-25
1.925553501162784187e+03 7.694211788768598665e-25
1.938914207294728385e+03 7.752970948284958396e-25
1.952367618442779758e+03 7.812441723951716941e-25
1.965914377852884854e+03 7.872640261471721104e-25
1.979555133234229061e+03 7.933575508933439262e-25
1.993290536790218994e+03 7.995258306382472558e-25
2.007121245249660660e+03 8.057699986198104130e-25
2.021047919898152713e+03 8.120912336052090917e-25
2.035071226609719133e+03 8.184907675344954224e-25
2.049191835878630627e+03 8.249698965030470014e-25
2.063410422851475687e+03 8.315299957847822501e-25
2.077727667359437419e+03 8.381725405873009398e-25
2.092144253950789789e+03 8.448991352124587868e-25
2.106660871923644208e+03 8.517115548304512917e-25
2.121278215358888247e+03 8.586118066602266632e-25
2.135996983153388101e+03 8.656022222245524603e-25
2.150817879053397064e+03 8.726856205862675617e-25
2.165741611688199100e+03 8.798654157055997239e-25
2.180768894604002526e+03 8.871461782078077527e-25
2.195900446298042880e+03 8.945341365907181089e-25
2.211136990252948181e+03 9.020382743827862508e-25
2.226479254971327464e+03 9.096724792396665795e-25
2.241927974010592607e+03 9.174597721987594329e-25
2.257483886018050725e+03 9.254416122891401491e-25
2.273147734766199392e+03 9.337006008727885147e-25
2.288920269188307884e+03 9.424243329609061578e-25
2.304802243414216719e+03 9.521249089668054509e-25
2.320794416806388199e+03 9.646702632819378524e-25
2.336897553996231636e+03 9.919811856270177945e-25
2.353112424920640478e+03 1.611938936422268926e-24
2.369439804858825028e+03 1.042442867848738537e-24
2.385880474469372530e+03 1.000927838198203877e-24
2.402435219827564197e+03 1.002425956122867032e-24
2.419104832462978266e+03 1.008899404913989636e-24
2.435890109397314973e+03 1.016748529411948492e-24
2.452791853182522573e+03 1.025177105408181170e-24
2.469810871939159824e+03 1.033930429832243015e-24
2.486947979395030870e+03 1.042907822150648332e-24
2.504203994924105700e+03 1.052063757299873812e-24
2.521579743585678898e+03 1.061375788801384067e-24
2.539076056163837620e+03 1.070832287395982367e-24
2.556693769207162859e+03 1.080427155992322491e-24
2.574433725068745844e+03 1.090157333201984247e-24
2.592296771946456374e+03 1.100021546015882065e-24
2.610283763923487186e+03 1.110019471183187535e-24
2.628395561009212088e+03 1.120151676661505062e-24
2.646633029180280118e+03 1.130419048995282767e-24
2.664997040422043483e+03 1.140822824898934648e-24
2.683488472770237877e+03 1.151364468602650094e-24
2.702108210352957030e+03 1.162045613626907530e-24
2.720857143432946032e+03 1.172868024378922632e-24
2.739736168450142941e+03 1.183833570212334536e-24
2.758746188064561011e+03 1.194944207634407413e-24
2.777888111199438299e+03 1.206201968129449993e-24
2.797162853084688322e+03 1.217608959666131401e-24
2.816571335300678584e+03 1.229167306031367123e-24
2.836114485822271490e+03 1.240879249956368427e-24
2.855793239063214060e+03 1.252747050008211399e-24
2.875608535920806389e+03 1.264773019733723150e-24
2.895561323820878897e+03 1.276959523088997239e-24
2.915652556763111988e+03 1.289308972048578845e-24
2.935883195366627206e+03 1.301823825981140993e-24
2.956254206915937175e+03 1.314506591398095896e-24
2.976766565407184771e+03 1.327359822787214778e-24
2.997421251594703790e+03 1.340386118896670375e-24
3.018219253037934777e+03 1.353592500858065995e-24
3.039161564148614616e+03 1.366968550539311949e-24
3.060249186238348102e+03 1.380530126874982977e-24
3.081483127566470557e+03 1.394275653132954618e-24
3.102864403388249684e+03 1.408207972542822315e-24
3.124394036003446672e+03 1.422329979076059409e-24
3.146073054805171523e+03 1.436644617878265878e-24
3.167902496329123551e+03 1.451154886027039854e-24
3.189883404303140651e+03 1.465863833363965520e-24
3.212016829697095091e+03 1.480774563593810166e-24
3.234303830773163099e+03 1.495890653868299326e-24
3.256745473136400960e+03 1.511214056871140984e-24
3.279342829785714002e+03 1.526749302912140084e-24
3.302096981165152101e+03 1.542499298579124186e-24
3.325009015215558520e+03 1.558467428279822032e-24
3.348080027426610741e+03 1.574657135659550463e-24
3.371311120889170525e+03 1.591071924383520594e-24
3.394703406348052340e+03 1.607715359090582327e-24
3.418258002255118754e+03 1.624591066428825133e-24
3.441976034822747806e+03 1.641702740382880620e-24
3.465858638077703290e+03 1.659054120044705381e-24
3.489906953915329723e+03 1.676649037059779751e-24
3.514122132154172050e+03 1.694491371534767820e-24
3.538505330590944141e+03 1.712585073511233341e-24
3.563057715055871995e+03 1.730934160949306740e-24
3.587780459468463505e+03 1.749542720264431629e-24
3.612674745893606541e+03 1.768414907159531425e-24
3.637741764598112240e+03 1.787554947532745183e-24
3.662982714107614811e+03 1.806968843883331408e-24
3.688398801263864698e+03 1.826655845497177475e-24
3.713991241282458759e+03 1.846625511611547669e-24
3.739761257810910138e+03 1.866880649067099847e-24
3.765710082987183341e+03 1.887425843877062876e-24
3.791838957498594937e+03 1.908265755697101101e-24
3.818149130641120337e+03 1.929405117979461696e-24
3.844641860379156242e+03 1.950848738116374316e-24
3.871318413405634146e+03 1.972601500062894915e-24
3.898180065202614060e+03 1.994668349999492244e-24
3.925228100102254302e+03 2.017054324351534175e-24
3.952463811348209674e+03 2.039764521318539016e-24
3.979888501157492556e+03 2.062804113013102697e-24
4.007503480782701899e+03 2.086178342236561483e-24
4.035310070574748806e+03 2.109892520834632594e-24
4.063309600045972275e+03 2.133952027893937349e-24
4.091503407933694234e+03 2.158362380703639123e-24
4.119892842264259343e+03 2.183128864856737192e-24
4.148479260417452679e+03 2.208257266220146848e-24
4.177264029191431291e+03 2.233753131868459275e-24
4.206248524868058666e+03 2.259622133170430553e-24
4.235434133278700756e+03 2.285869987462657427e-24
4.264822249870511769e+03 2.312502452238224548e-24
4.294414279773124690e+03 2.339525319011755365e-24
4.324211637865858393e+03 2.366944403504910046e-24
4.354215748845361304e+03 2.394765541656393610e-24
4.384428047293712552e+03 2.422994576936549137e-24
4.414849977747045159e+03 2.451637350629751676e-24
4.445482994764578507e+03 2.480699691139395872e-24
4.476328562998200141e+03 2.510187401769679115e-24
4.507388157262457753e+03 2.540106248154985806e-24
4.538663262605111413e+03 2.570461944250249811e-24
4.570155374378115084e+03 2.601260142438412402e-24
4.601865998309110182e+03 2.632506421479775435e-24
4.633796650573441184e+03 2.664206280088815158e-24
4.665948857866618710e+03 2.696365138943175157e-24
4.698324157477344670e+03 2.728988356077826133e-24
4.730924097361000349e+03 2.762081270169557858e-24
4.763750236213644712e+03 2.795649274691956275e-24
4.796804143546572959e+03 2.829698013398688751e-24
4.830087399761322558e+03 2.864233685192561612e-24
4.863601596225267713e+03 2.899263703737817006e-24
4.897348335347696775e+03 2.934798016435927726e-24
4.931329230656409891e+03 2.970851982119383878e-24
4.965545906874899629e+03 3.007453268093896345e-24
4.999999999999999091e+03 3.044660857371184886e-24
