# freq 	 sqrt(Sn)
5.000000e+00	1.167984e-22
5.011530e+00	1.135524e-22
5.023087e+00	1.104067e-22
5.034670e+00	1.073577e-22
5.046280e+00	1.044021e-22
5.057917e+00	1.015366e-22
5.069580e+00	9.875799e-23
5.081271e+00	9.606341e-23
5.092988e+00	9.344994e-23
5.104733e+00	9.091482e-23
5.116504e+00	8.845540e-23
5.128303e+00	8.606914e-23
5.140129e+00	8.375359e-23
5.151982e+00	8.150639e-23
5.163862e+00	7.932528e-23
5.175770e+00	7.720808e-23
5.187706e+00	7.515270e-23
5.199669e+00	7.315712e-23
5.211659e+00	7.121940e-23
5.223677e+00	6.933766e-23
5.235723e+00	6.751012e-23
5.247797e+00	6.573502e-23
5.259898e+00	6.401071e-23
5.272028e+00	6.233557e-23
5.284185e+00	6.070805e-23
5.296370e+00	5.912665e-23
5.308584e+00	5.758993e-23
5.320825e+00	5.609650e-23
5.333095e+00	5.464501e-23
5.345393e+00	5.323416e-23
5.357720e+00	5.186270e-23
5.370075e+00	5.052943e-23
5.382458e+00	4.923318e-23
5.394870e+00	4.797283e-23
5.407311e+00	4.674728e-23
5.419780e+00	4.555548e-23
5.432278e+00	4.439642e-23
5.444805e+00	4.326912e-23
5.457361e+00	4.217263e-23
5.469946e+00	4.110603e-23
5.482559e+00	4.006844e-23
5.495202e+00	3.905900e-23
5.507874e+00	3.807688e-23
5.520575e+00	3.712127e-23
5.533306e+00	3.619141e-23
5.546066e+00	3.528655e-23
5.558855e+00	3.440595e-23
5.571674e+00	3.354891e-23
5.584522e+00	3.271476e-23
5.597400e+00	3.190283e-23
5.610308e+00	3.111249e-23
5.623245e+00	3.034311e-23
5.636212e+00	2.959411e-23
5.649209e+00	2.886491e-23
5.662237e+00	2.815493e-23
5.675294e+00	2.746364e-23
5.688381e+00	2.679051e-23
5.701498e+00	2.613503e-23
5.714646e+00	2.549670e-23
5.727824e+00	2.487506e-23
5.741033e+00	2.426962e-23
5.754271e+00	2.367994e-23
5.767541e+00	2.310559e-23
5.780841e+00	2.254613e-23
5.794172e+00	2.200117e-23
5.807533e+00	2.147029e-23
5.820925e+00	2.095312e-23
5.834348e+00	2.044927e-23
5.847802e+00	1.995839e-23
5.861287e+00	1.948011e-23
5.874803e+00	1.901411e-23
5.888351e+00	1.856004e-23
5.901929e+00	1.811759e-23
5.915539e+00	1.768643e-23
5.929181e+00	1.726627e-23
5.942853e+00	1.685680e-23
5.956558e+00	1.645776e-23
5.970294e+00	1.606884e-23
5.984061e+00	1.568979e-23
5.997860e+00	1.532034e-23
6.011691e+00	1.496024e-23
6.025554e+00	1.460924e-23
6.039449e+00	1.426710e-23
6.053376e+00	1.393358e-23
6.067336e+00	1.360845e-23
6.081327e+00	1.329151e-23
6.095351e+00	1.298253e-23
6.109406e+00	1.268130e-23
6.123495e+00	1.238762e-23
6.137615e+00	1.210130e-23
6.151769e+00	1.182214e-23
6.165955e+00	1.154996e-23
6.180174e+00	1.128458e-23
6.194425e+00	1.102581e-23
6.208710e+00	1.077350e-23
6.223027e+00	1.052747e-23
6.237377e+00	1.028757e-23
6.251761e+00	1.005362e-23
6.266177e+00	9.825496e-24
6.280627e+00	9.603032e-24
6.295110e+00	9.386087e-24
6.309627e+00	9.174521e-24
6.324177e+00	8.968198e-24
6.338761e+00	8.766984e-24
6.353378e+00	8.570749e-24
6.368029e+00	8.379368e-24
6.382714e+00	8.192719e-24
6.397432e+00	8.010682e-24
6.412185e+00	7.833141e-24
6.426971e+00	7.659982e-24
6.441792e+00	7.491098e-24
6.456647e+00	7.326379e-24
6.471536e+00	7.165723e-24
6.486459e+00	7.009027e-24
6.501417e+00	6.856194e-24
6.516409e+00	6.707127e-24
6.531436e+00	6.561732e-24
6.546498e+00	6.419919e-24
6.561594e+00	6.281599e-24
6.576725e+00	6.146685e-24
6.591891e+00	6.015094e-24
6.607092e+00	5.886743e-24
6.622328e+00	5.761553e-24
6.637599e+00	5.639446e-24
6.652906e+00	5.520347e-24
6.668247e+00	5.404181e-24
6.683624e+00	5.290878e-24
6.699037e+00	5.180366e-24
6.714485e+00	5.072578e-24
6.729968e+00	4.967446e-24
6.745488e+00	4.864908e-24
6.761043e+00	4.764899e-24
6.776634e+00	4.667357e-24
6.792261e+00	4.572224e-24
6.807924e+00	4.479439e-24
6.823623e+00	4.388948e-24
6.839358e+00	4.300693e-24
6.855130e+00	4.214620e-24
6.870938e+00	4.130677e-24
6.886782e+00	4.048813e-24
6.902663e+00	3.968976e-24
6.918581e+00	3.891119e-24
6.934535e+00	3.815193e-24
6.950526e+00	3.741151e-24
6.966554e+00	3.668948e-24
6.982619e+00	3.598540e-24
6.998721e+00	3.529882e-24
7.014860e+00	3.462934e-24
7.031036e+00	3.397653e-24
7.047250e+00	3.334000e-24
7.063501e+00	3.271935e-24
7.079790e+00	3.211419e-24
7.096116e+00	3.152415e-24
7.112479e+00	3.094886e-24
7.128881e+00	3.038797e-24
7.145320e+00	2.984113e-24
7.161797e+00	2.930799e-24
7.178312e+00	2.878822e-24
7.194866e+00	2.828150e-24
7.211457e+00	2.778751e-24
7.228087e+00	2.730594e-24
7.244755e+00	2.683647e-24
7.261461e+00	2.637883e-24
7.278206e+00	2.593270e-24
7.294990e+00	2.549782e-24
7.311812e+00	2.507390e-24
7.328673e+00	2.466068e-24
7.345573e+00	2.425788e-24
7.362512e+00	2.386525e-24
7.379490e+00	2.348253e-24
7.396507e+00	2.310948e-24
7.413564e+00	2.274586e-24
7.430659e+00	2.239141e-24
7.447795e+00	2.204593e-24
7.464969e+00	2.170917e-24
7.482183e+00	2.138091e-24
7.499437e+00	2.106095e-24
7.516731e+00	2.074905e-24
7.534065e+00	2.044503e-24
7.551438e+00	2.014867e-24
7.568852e+00	1.985978e-24
7.586306e+00	1.957816e-24
7.603800e+00	1.930361e-24
7.621334e+00	1.903597e-24
7.638909e+00	1.877503e-24
7.656525e+00	1.852063e-24
7.674181e+00	1.827259e-24
7.691878e+00	1.803074e-24
7.709615e+00	1.779492e-24
7.727393e+00	1.756495e-24
7.745213e+00	1.734069e-24
7.763073e+00	1.712198e-24
7.780975e+00	1.690866e-24
7.798918e+00	1.670059e-24
7.816903e+00	1.649761e-24
7.834928e+00	1.629960e-24
7.852996e+00	1.610641e-24
7.871105e+00	1.591790e-24
7.889256e+00	1.573395e-24
7.907448e+00	1.555441e-24
7.925683e+00	1.537918e-24
7.943960e+00	1.520812e-24
7.962278e+00	1.504112e-24
7.980639e+00	1.487805e-24
7.999043e+00	1.471881e-24
8.017489e+00	1.456327e-24
8.035977e+00	1.441134e-24
8.054508e+00	1.426291e-24
8.073082e+00	1.411787e-24
8.091698e+00	1.397612e-24
8.110358e+00	1.383756e-24
8.129061e+00	1.370210e-24
8.147806e+00	1.356965e-24
8.166595e+00	1.344011e-24
8.185427e+00	1.331339e-24
8.204303e+00	1.318942e-24
8.223222e+00	1.306810e-24
8.242185e+00	1.294935e-24
8.261192e+00	1.283310e-24
8.280242e+00	1.271926e-24
8.299336e+00	1.260776e-24
8.318475e+00	1.249854e-24
8.337657e+00	1.239151e-24
8.356884e+00	1.228661e-24
8.376155e+00	1.218377e-24
8.395470e+00	1.208292e-24
8.414830e+00	1.198401e-24
8.434235e+00	1.188697e-24
8.453684e+00	1.179174e-24
8.473179e+00	1.169827e-24
8.492718e+00	1.160649e-24
8.512302e+00	1.151636e-24
8.531932e+00	1.142782e-24
8.551606e+00	1.134081e-24
8.571326e+00	1.125530e-24
8.591092e+00	1.117122e-24
8.610903e+00	1.108854e-24
8.630760e+00	1.100720e-24
8.650662e+00	1.092717e-24
8.670611e+00	1.084840e-24
8.690605e+00	1.077085e-24
8.710646e+00	1.069448e-24
8.730733e+00	1.061926e-24
8.750866e+00	1.054513e-24
8.771045e+00	1.047208e-24
8.791272e+00	1.040005e-24
8.811544e+00	1.032902e-24
8.831864e+00	1.025897e-24
8.852230e+00	1.018984e-24
8.872644e+00	1.012161e-24
8.893104e+00	1.005426e-24
8.913611e+00	9.987755e-25
8.934166e+00	9.922064e-25
8.954769e+00	9.857163e-25
8.975418e+00	9.793025e-25
8.996116e+00	9.729626e-25
9.016861e+00	9.666941e-25
9.037654e+00	9.604946e-25
9.058495e+00	9.543620e-25
9.079384e+00	9.482940e-25
9.100321e+00	9.422886e-25
9.121306e+00	9.363437e-25
9.142340e+00	9.304573e-25
9.163422e+00	9.246276e-25
9.184553e+00	9.188527e-25
9.205733e+00	9.131310e-25
9.226961e+00	9.074607e-25
9.248239e+00	9.018402e-25
9.269565e+00	8.962679e-25
9.290941e+00	8.907424e-25
9.312366e+00	8.852622e-25
9.333840e+00	8.798259e-25
9.355364e+00	8.744322e-25
9.376938e+00	8.690798e-25
9.398561e+00	8.637674e-25
9.420234e+00	8.584940e-25
9.441957e+00	8.532583e-25
9.463731e+00	8.480593e-25
9.485554e+00	8.428960e-25
9.507428e+00	8.377673e-25
9.529352e+00	8.326724e-25
9.551327e+00	8.276102e-25
9.573352e+00	8.225800e-25
9.595428e+00	8.175810e-25
9.617555e+00	8.126123e-25
9.639734e+00	8.076732e-25
9.661963e+00	8.027630e-25
9.684243e+00	7.978810e-25
9.706575e+00	7.930266e-25
9.728959e+00	7.881991e-25
9.751394e+00	7.833981e-25
9.773881e+00	7.786230e-25
9.796419e+00	7.738732e-25
9.819010e+00	7.691483e-25
9.841653e+00	7.644478e-25
9.864348e+00	7.597713e-25
9.887095e+00	7.551185e-25
9.909895e+00	7.504889e-25
9.932747e+00	7.458822e-25
9.955652e+00	7.412981e-25
9.978610e+00	7.367363e-25
1.000162e+01	7.321966e-25
1.002468e+01	7.276789e-25
1.004780e+01	7.231831e-25
1.007097e+01	7.187089e-25
1.009419e+01	7.142563e-25
1.011747e+01	7.098249e-25
1.014080e+01	7.054146e-25
1.016419e+01	7.010253e-25
1.018763e+01	6.966568e-25
1.021112e+01	6.923090e-25
1.023467e+01	6.879818e-25
1.025827e+01	6.836752e-25
1.028192e+01	6.793890e-25
1.030563e+01	6.751233e-25
1.032940e+01	6.708780e-25
1.035322e+01	6.666530e-25
1.037709e+01	6.624485e-25
1.040102e+01	6.582643e-25
1.042501e+01	6.541006e-25
1.044905e+01	6.499573e-25
1.047314e+01	6.458345e-25
1.049729e+01	6.417323e-25
1.052150e+01	6.376507e-25
1.054576e+01	6.335897e-25
1.057008e+01	6.295496e-25
1.059446e+01	6.255303e-25
1.061889e+01	6.215320e-25
1.064338e+01	6.175547e-25
1.066792e+01	6.135986e-25
1.069252e+01	6.096638e-25
1.071718e+01	6.057504e-25
1.074189e+01	6.018585e-25
1.076666e+01	5.979883e-25
1.079149e+01	5.941399e-25
1.081637e+01	5.903133e-25
1.084132e+01	5.865088e-25
1.086632e+01	5.827265e-25
1.089138e+01	5.789665e-25
1.091649e+01	5.752290e-25
1.094166e+01	5.715140e-25
1.096690e+01	5.678218e-25
1.099218e+01	5.641524e-25
1.101753e+01	5.605061e-25
1.104294e+01	5.568828e-25
1.106841e+01	5.532829e-25
1.109393e+01	5.497063e-25
1.111951e+01	5.461533e-25
1.114515e+01	5.426239e-25
1.117085e+01	5.391183e-25
1.119661e+01	5.356365e-25
1.122243e+01	5.321788e-25
1.124831e+01	5.287452e-25
1.127425e+01	5.253358e-25
1.130025e+01	5.219507e-25
1.132631e+01	5.185900e-25
1.135243e+01	5.152538e-25
1.137861e+01	5.119423e-25
1.140484e+01	5.086554e-25
1.143114e+01	5.053932e-25
1.145750e+01	5.021559e-25
1.148393e+01	4.989435e-25
1.151041e+01	4.957560e-25
1.153695e+01	4.925935e-25
1.156355e+01	4.894560e-25
1.159022e+01	4.863436e-25
1.161695e+01	4.832564e-25
1.164374e+01	4.801943e-25
1.167059e+01	4.771573e-25
1.169750e+01	4.741456e-25
1.172447e+01	4.711590e-25
1.175151e+01	4.681977e-25
1.177861e+01	4.652615e-25
1.180577e+01	4.623505e-25
1.183300e+01	4.594647e-25
1.186028e+01	4.566041e-25
1.188763e+01	4.537686e-25
1.191505e+01	4.509581e-25
1.194252e+01	4.481727e-25
1.197006e+01	4.454123e-25
1.199766e+01	4.426769e-25
1.202533e+01	4.399663e-25
1.205306e+01	4.372806e-25
1.208086e+01	4.346196e-25
1.210872e+01	4.319834e-25
1.213664e+01	4.293717e-25
1.216462e+01	4.267846e-25
1.219268e+01	4.242219e-25
1.222079e+01	4.216835e-25
1.224897e+01	4.191694e-25
1.227722e+01	4.166794e-25
1.230553e+01	4.142135e-25
1.233391e+01	4.117714e-25
1.236235e+01	4.093532e-25
1.239086e+01	4.069586e-25
1.241943e+01	4.045876e-25
1.244807e+01	4.022400e-25
1.247678e+01	3.999157e-25
1.250555e+01	3.976145e-25
1.253439e+01	3.953364e-25
1.256329e+01	3.930811e-25
1.259226e+01	3.908486e-25
1.262130e+01	3.886386e-25
1.265040e+01	3.864510e-25
1.267958e+01	3.842858e-25
1.270881e+01	3.821426e-25
1.273812e+01	3.800213e-25
1.276750e+01	3.779219e-25
1.279694e+01	3.758441e-25
1.282645e+01	3.737877e-25
1.285603e+01	3.717526e-25
1.288567e+01	3.697386e-25
1.291539e+01	3.677457e-25
1.294517e+01	3.657734e-25
1.297502e+01	3.638218e-25
1.300494e+01	3.618906e-25
1.303493e+01	3.599796e-25
1.306499e+01	3.580888e-25
1.309512e+01	3.562178e-25
1.312531e+01	3.543666e-25
1.315558e+01	3.525348e-25
1.318592e+01	3.507225e-25
1.321632e+01	3.489293e-25
1.324680e+01	3.471552e-25
1.327735e+01	3.453998e-25
1.330797e+01	3.436631e-25
1.333865e+01	3.419449e-25
1.336941e+01	3.402449e-25
1.340024e+01	3.385630e-25
1.343115e+01	3.368991e-25
1.346212e+01	3.352529e-25
1.349316e+01	3.336242e-25
1.352428e+01	3.320130e-25
1.355546e+01	3.304189e-25
1.358672e+01	3.288419e-25
1.361805e+01	3.272817e-25
1.364946e+01	3.257382e-25
1.368093e+01	3.242112e-25
1.371248e+01	3.227005e-25
1.374410e+01	3.212060e-25
1.377580e+01	3.197274e-25
1.380756e+01	3.182647e-25
1.383940e+01	3.168175e-25
1.387132e+01	3.153859e-25
1.390330e+01	3.139695e-25
1.393537e+01	3.125683e-25
1.396750e+01	3.111820e-25
1.399971e+01	3.098105e-25
1.403199e+01	3.084537e-25
1.406435e+01	3.071113e-25
1.409678e+01	3.057832e-25
1.412929e+01	3.044693e-25
1.416187e+01	3.031694e-25
1.419453e+01	3.018832e-25
1.422726e+01	3.006108e-25
1.426007e+01	2.993519e-25
1.429296e+01	2.981064e-25
1.432592e+01	2.968740e-25
1.435895e+01	2.956548e-25
1.439206e+01	2.944484e-25
1.442525e+01	2.932549e-25
1.445852e+01	2.920739e-25
1.449186e+01	2.909054e-25
1.452528e+01	2.897493e-25
1.455877e+01	2.886053e-25
1.459234e+01	2.874734e-25
1.462599e+01	2.863534e-25
1.465972e+01	2.852452e-25
1.469353e+01	2.841487e-25
1.472741e+01	2.830636e-25
1.476137e+01	2.819899e-25
1.479541e+01	2.809274e-25
1.482953e+01	2.798761e-25
1.486373e+01	2.788357e-25
1.489800e+01	2.778062e-25
1.493236e+01	2.767874e-25
1.496679e+01	2.757792e-25
1.500131e+01	2.747815e-25
1.503590e+01	2.737942e-25
1.507057e+01	2.728171e-25
1.510532e+01	2.718501e-25
1.514016e+01	2.708931e-25
1.517507e+01	2.699460e-25
1.521007e+01	2.690087e-25
1.524514e+01	2.680811e-25
1.528030e+01	2.671629e-25
1.531553e+01	2.662543e-25
1.535085e+01	2.653549e-25
1.538625e+01	2.644648e-25
1.542173e+01	2.635837e-25
1.545729e+01	2.627117e-25
1.549294e+01	2.618486e-25
1.552866e+01	2.609943e-25
1.556447e+01	2.601487e-25
1.560036e+01	2.593117e-25
1.563634e+01	2.584831e-25
1.567240e+01	2.576630e-25
1.570854e+01	2.568512e-25
1.574476e+01	2.560476e-25
1.578107e+01	2.552521e-25
1.581746e+01	2.544646e-25
1.585393e+01	2.536851e-25
1.589049e+01	2.529134e-25
1.592714e+01	2.521494e-25
1.596387e+01	2.513931e-25
1.600068e+01	2.506444e-25
1.603758e+01	2.499031e-25
1.607456e+01	2.491693e-25
1.611163e+01	2.484427e-25
1.614878e+01	2.477234e-25
1.618602e+01	2.470112e-25
1.622334e+01	2.463061e-25
1.626076e+01	2.456080e-25
1.629825e+01	2.449168e-25
1.633584e+01	2.442324e-25
1.637351e+01	2.435548e-25
1.641127e+01	2.428839e-25
1.644911e+01	2.422195e-25
1.648704e+01	2.415617e-25
1.652506e+01	2.409103e-25
1.656317e+01	2.402653e-25
1.660136e+01	2.396266e-25
1.663965e+01	2.389941e-25
1.667802e+01	2.383678e-25
1.671648e+01	2.377476e-25
1.675502e+01	2.371334e-25
1.679366e+01	2.365252e-25
1.683239e+01	2.359229e-25
1.687120e+01	2.353264e-25
1.691011e+01	2.347356e-25
1.694910e+01	2.341505e-25
1.698819e+01	2.335711e-25
1.702736e+01	2.329973e-25
1.706663e+01	2.324289e-25
1.710598e+01	2.318660e-25
1.714543e+01	2.313085e-25
1.718497e+01	2.307563e-25
1.722460e+01	2.302094e-25
1.726432e+01	2.296676e-25
1.730413e+01	2.291311e-25
1.734403e+01	2.285996e-25
1.738403e+01	2.280731e-25
1.742412e+01	2.275517e-25
1.746429e+01	2.270351e-25
1.750457e+01	2.265234e-25
1.754493e+01	2.260166e-25
1.758539e+01	2.255145e-25
1.762595e+01	2.250171e-25
1.766659e+01	2.245244e-25
1.770733e+01	2.240362e-25
1.774816e+01	2.235527e-25
1.778909e+01	2.230736e-25
1.783011e+01	2.225990e-25
1.787123e+01	2.221288e-25
1.791244e+01	2.216630e-25
1.795375e+01	2.212015e-25
1.799515e+01	2.207442e-25
1.803664e+01	2.202912e-25
1.807824e+01	2.198423e-25
1.811992e+01	2.193976e-25
1.816171e+01	2.189570e-25
1.820359e+01	2.185203e-25
1.824557e+01	2.180877e-25
1.828764e+01	2.176590e-25
1.832981e+01	2.172343e-25
1.837208e+01	2.168134e-25
1.841445e+01	2.163963e-25
1.845691e+01	2.159830e-25
1.849948e+01	2.155735e-25
1.854213e+01	2.151676e-25
1.858489e+01	2.147654e-25
1.862775e+01	2.143669e-25
1.867071e+01	2.139719e-25
1.871376e+01	2.135804e-25
1.875691e+01	2.131925e-25
1.880017e+01	2.128080e-25
1.884352e+01	2.124269e-25
1.888697e+01	2.120493e-25
1.893053e+01	2.116750e-25
1.897418e+01	2.113040e-25
1.901794e+01	2.109363e-25
1.906179e+01	2.105719e-25
1.910575e+01	2.102107e-25
1.914981e+01	2.098526e-25
1.919397e+01	2.094977e-25
1.923823e+01	2.091459e-25
1.928259e+01	2.087972e-25
1.932706e+01	2.084516e-25
1.937163e+01	2.081089e-25
1.941630e+01	2.077693e-25
1.946107e+01	2.074326e-25
1.950595e+01	2.070988e-25
1.955093e+01	2.067679e-25
1.959601e+01	2.064399e-25
1.964120e+01	2.061146e-25
1.968650e+01	2.057922e-25
1.973189e+01	2.054726e-25
1.977739e+01	2.051557e-25
1.982300e+01	2.048415e-25
1.986871e+01	2.045299e-25
1.991453e+01	2.042211e-25
1.996045e+01	2.039148e-25
2.000648e+01	2.036112e-25
2.005262e+01	2.033102e-25
2.009886e+01	2.030116e-25
2.014521e+01	2.027156e-25
2.019166e+01	2.024221e-25
2.023822e+01	2.021311e-25
2.028489e+01	2.018424e-25
2.033167e+01	2.015562e-25
2.037856e+01	2.012724e-25
2.042555e+01	2.009910e-25
2.047265e+01	2.007119e-25
2.051986e+01	2.004351e-25
2.056718e+01	2.001606e-25
2.061461e+01	1.998883e-25
2.066214e+01	1.996184e-25
2.070979e+01	1.993506e-25
2.075755e+01	1.990850e-25
2.080542e+01	1.988216e-25
2.085339e+01	1.985604e-25
2.090148e+01	1.983013e-25
2.094968e+01	1.980442e-25
2.099799e+01	1.977893e-25
2.104641e+01	1.975365e-25
2.109494e+01	1.972856e-25
2.114359e+01	1.970369e-25
2.119235e+01	1.967901e-25
2.124122e+01	1.965452e-25
2.129020e+01	1.963024e-25
2.133929e+01	1.960615e-25
2.138850e+01	1.958225e-25
2.143783e+01	1.955854e-25
2.148726e+01	1.953502e-25
2.153681e+01	1.951169e-25
2.158648e+01	1.948854e-25
2.163625e+01	1.946557e-25
2.168615e+01	1.944279e-25
2.173616e+01	1.942018e-25
2.178628e+01	1.939775e-25
2.183652e+01	1.937550e-25
2.188687e+01	1.935342e-25
2.193735e+01	1.933151e-25
2.198793e+01	1.930977e-25
2.203864e+01	1.928820e-25
2.208946e+01	1.926679e-25
2.214040e+01	1.924555e-25
2.219145e+01	1.922448e-25
2.224263e+01	1.920356e-25
2.229392e+01	1.918281e-25
2.234533e+01	1.916222e-25
2.239686e+01	1.914178e-25
2.244850e+01	1.912150e-25
2.250027e+01	1.910137e-25
2.255216e+01	1.908139e-25
2.260416e+01	1.906157e-25
2.265629e+01	1.904189e-25
2.270853e+01	1.902236e-25
2.276090e+01	1.900298e-25
2.281339e+01	1.898374e-25
2.286599e+01	1.896465e-25
2.291872e+01	1.894570e-25
2.297157e+01	1.892689e-25
2.302455e+01	1.890822e-25
2.307764e+01	1.888968e-25
2.313086e+01	1.887129e-25
2.318420e+01	1.885303e-25
2.323766e+01	1.883490e-25
2.329125e+01	1.881691e-25
2.334496e+01	1.879904e-25
2.339879e+01	1.878131e-25
2.345275e+01	1.876371e-25
2.350683e+01	1.874623e-25
2.356104e+01	1.872888e-25
2.361537e+01	1.871166e-25
2.366983e+01	1.869456e-25
2.372441e+01	1.867758e-25
2.377912e+01	1.866073e-25
2.383395e+01	1.864399e-25
2.388891e+01	1.862738e-25
2.394400e+01	1.861088e-25
2.399922e+01	1.859450e-25
2.405456e+01	1.857824e-25
2.411003e+01	1.856209e-25
2.416563e+01	1.854606e-25
2.422135e+01	1.853013e-25
2.427721e+01	1.851432e-25
2.433319e+01	1.849862e-25
2.438930e+01	1.848303e-25
2.444555e+01	1.846755e-25
2.450192e+01	1.845218e-25
2.455842e+01	1.843691e-25
2.461505e+01	1.842175e-25
2.467181e+01	1.840669e-25
2.472871e+01	1.839174e-25
2.478573e+01	1.837689e-25
2.484289e+01	1.836214e-25
2.490018e+01	1.834749e-25
2.495760e+01	1.833294e-25
2.501515e+01	1.831849e-25
2.507283e+01	1.830414e-25
2.513065e+01	1.828989e-25
2.518860e+01	1.827573e-25
2.524669e+01	1.826166e-25
2.530491e+01	1.824770e-25
2.536326e+01	1.823382e-25
2.542175e+01	1.822004e-25
2.548037e+01	1.820635e-25
2.553913e+01	1.819275e-25
2.559802e+01	1.817924e-25
2.565705e+01	1.816583e-25
2.571622e+01	1.815250e-25
2.577552e+01	1.813925e-25
2.583496e+01	1.812610e-25
2.589453e+01	1.811303e-25
2.595425e+01	1.810005e-25
2.601410e+01	1.808715e-25
2.607409e+01	1.807433e-25
2.613421e+01	1.806160e-25
2.619448e+01	1.804896e-25
2.625488e+01	1.803639e-25
2.631543e+01	1.802390e-25
2.637611e+01	1.801150e-25
2.643693e+01	1.799917e-25
2.649790e+01	1.798693e-25
2.655900e+01	1.797476e-25
2.662025e+01	1.796267e-25
2.668163e+01	1.795066e-25
2.674316e+01	1.793872e-25
2.680483e+01	1.792686e-25
2.686664e+01	1.791507e-25
2.692860e+01	1.790336e-25
2.699070e+01	1.789172e-25
2.705294e+01	1.788015e-25
2.711532e+01	1.786866e-25
2.717785e+01	1.785724e-25
2.724052e+01	1.784589e-25
2.730334e+01	1.783461e-25
2.736630e+01	1.782340e-25
2.742941e+01	1.781226e-25
2.749266e+01	1.780119e-25
2.755606e+01	1.779019e-25
2.761960e+01	1.777925e-25
2.768329e+01	1.776838e-25
2.774713e+01	1.775758e-25
2.781112e+01	1.774684e-25
2.787525e+01	1.773617e-25
2.793953e+01	1.772557e-25
2.800396e+01	1.771503e-25
2.806854e+01	1.770455e-25
2.813326e+01	1.769414e-25
2.819814e+01	1.768378e-25
2.826316e+01	1.767350e-25
2.832834e+01	1.766327e-25
2.839366e+01	1.765310e-25
2.845914e+01	1.764300e-25
2.852477e+01	1.763295e-25
2.859054e+01	1.762297e-25
2.865647e+01	1.761304e-25
2.872256e+01	1.760317e-25
2.878879e+01	1.759336e-25
2.885518e+01	1.758361e-25
2.892172e+01	1.757392e-25
2.898841e+01	1.756428e-25
2.905526e+01	1.755470e-25
2.912226e+01	1.754518e-25
2.918942e+01	1.753571e-25
2.925673e+01	1.752629e-25
2.932419e+01	1.751693e-25
2.939182e+01	1.750763e-25
2.945959e+01	1.749838e-25
2.952753e+01	1.748918e-25
2.959562e+01	1.748003e-25
2.966387e+01	1.747094e-25
2.973227e+01	1.746190e-25
2.980083e+01	1.745291e-25
2.986955e+01	1.744397e-25
2.993843e+01	1.743509e-25
3.000747e+01	1.742625e-25
3.007667e+01	1.741747e-25
3.014603e+01	1.740873e-25
3.021554e+01	1.740004e-25
3.028522e+01	1.739141e-25
3.035506e+01	1.738282e-25
3.042506e+01	1.737428e-25
3.049522e+01	1.736579e-25
3.056554e+01	1.735734e-25
3.063603e+01	1.734894e-25
3.070667e+01	1.734059e-25
3.077748e+01	1.733229e-25
3.084846e+01	1.732403e-25
3.091959e+01	1.731581e-25
3.099089e+01	1.730765e-25
3.106236e+01	1.729952e-25
3.113399e+01	1.729145e-25
3.120578e+01	1.728341e-25
3.127774e+01	1.727542e-25
3.134987e+01	1.726748e-25
3.142216e+01	1.725958e-25
3.149462e+01	1.725172e-25
3.156725e+01	1.724390e-25
3.164005e+01	1.723613e-25
3.171301e+01	1.722840e-25
3.178614e+01	1.722071e-25
3.185944e+01	1.721306e-25
3.193291e+01	1.720545e-25
3.200654e+01	1.719789e-25
3.208035e+01	1.719036e-25
3.215433e+01	1.718288e-25
3.222848e+01	1.717543e-25
3.230279e+01	1.716803e-25
3.237729e+01	1.716066e-25
3.245195e+01	1.715334e-25
3.252678e+01	1.714605e-25
3.260179e+01	1.713880e-25
3.267697e+01	1.713159e-25
3.275232e+01	1.712442e-25
3.282785e+01	1.711729e-25
3.290355e+01	1.711019e-25
3.297943e+01	1.710313e-25
3.305548e+01	1.709611e-25
3.313170e+01	1.708913e-25
3.320811e+01	1.708218e-25
3.328468e+01	1.707527e-25
3.336144e+01	1.706839e-25
3.343837e+01	1.706155e-25
3.351548e+01	1.705474e-25
3.359277e+01	1.704798e-25
3.367023e+01	1.704124e-25
3.374788e+01	1.703454e-25
3.382570e+01	1.702788e-25
3.390370e+01	1.702125e-25
3.398188e+01	1.701465e-25
3.406025e+01	1.700809e-25
3.413879e+01	1.700156e-25
3.421751e+01	1.699507e-25
3.429642e+01	1.698861e-25
3.437551e+01	1.698218e-25
3.445478e+01	1.697578e-25
3.453423e+01	1.696942e-25
3.461386e+01	1.696309e-25
3.469369e+01	1.695679e-25
3.477369e+01	1.695052e-25
3.485388e+01	1.694429e-25
3.493425e+01	1.693809e-25
3.501481e+01	1.693191e-25
3.509555e+01	1.692577e-25
3.517648e+01	1.691966e-25
3.525760e+01	1.691359e-25
3.533891e+01	1.690754e-25
3.542040e+01	1.690152e-25
3.550208e+01	1.689553e-25
3.558394e+01	1.688958e-25
3.566600e+01	1.688365e-25
3.574825e+01	1.687775e-25
3.583068e+01	1.687188e-25
3.591331e+01	1.686604e-25
3.599613e+01	1.686023e-25
3.607913e+01	1.685445e-25
3.616233e+01	1.684869e-25
3.624572e+01	1.684297e-25
3.632931e+01	1.683727e-25
3.641308e+01	1.683161e-25
3.649705e+01	1.682597e-25
3.658121e+01	1.682035e-25
3.666557e+01	1.681477e-25
3.675012e+01	1.680921e-25
3.683487e+01	1.680368e-25
3.691981e+01	1.679818e-25
3.700494e+01	1.679270e-25
3.709028e+01	1.678725e-25
3.717581e+01	1.678183e-25
3.726154e+01	1.677644e-25
3.734746e+01	1.677107e-25
3.743359e+01	1.676572e-25
3.751991e+01	1.676041e-25
3.760643e+01	1.675512e-25
3.769315e+01	1.674985e-25
3.778007e+01	1.674461e-25
3.786719e+01	1.673940e-25
3.795451e+01	1.673421e-25
3.804204e+01	1.672904e-25
3.812976e+01	1.672390e-25
3.821769e+01	1.671879e-25
3.830582e+01	1.671370e-25
3.839415e+01	1.670863e-25
3.848269e+01	1.670359e-25
3.857143e+01	1.669858e-25
3.866038e+01	1.669359e-25
3.874953e+01	1.668862e-25
3.883889e+01	1.668367e-25
3.892845e+01	1.667875e-25
3.901822e+01	1.667385e-25
3.910820e+01	1.666898e-25
3.919838e+01	1.666413e-25
3.928877e+01	1.665930e-25
3.937937e+01	1.665450e-25
3.947018e+01	1.664972e-25
3.956120e+01	1.664496e-25
3.965243e+01	1.664023e-25
3.974386e+01	1.663551e-25
3.983552e+01	1.663082e-25
3.992738e+01	1.662615e-25
4.001945e+01	1.662151e-25
4.011173e+01	1.661688e-25
4.020423e+01	1.661228e-25
4.029694e+01	1.660770e-25
4.038987e+01	1.660314e-25
4.048301e+01	1.659860e-25
4.057636e+01	1.659409e-25
4.066993e+01	1.658960e-25
4.076372e+01	1.658512e-25
4.085772e+01	1.658067e-25
4.095194e+01	1.657624e-25
4.104637e+01	1.657183e-25
4.114102e+01	1.656744e-25
4.123590e+01	1.656307e-25
4.133099e+01	1.655873e-25
4.142630e+01	1.655440e-25
4.152183e+01	1.655009e-25
4.161758e+01	1.654581e-25
4.171355e+01	1.654154e-25
4.180974e+01	1.653729e-25
4.190615e+01	1.653307e-25
4.200279e+01	1.652886e-25
4.209965e+01	1.652467e-25
4.219673e+01	1.652051e-25
4.229403e+01	1.651636e-25
4.239156e+01	1.651223e-25
4.248932e+01	1.650812e-25
4.258730e+01	1.650404e-25
4.268551e+01	1.649997e-25
4.278394e+01	1.649591e-25
4.288260e+01	1.649188e-25
4.298149e+01	1.648787e-25
4.308060e+01	1.648388e-25
4.317995e+01	1.647990e-25
4.327952e+01	1.647594e-25
4.337932e+01	1.647201e-25
4.347936e+01	1.646809e-25
4.357962e+01	1.646418e-25
4.368012e+01	1.646030e-25
4.378084e+01	1.645644e-25
4.388180e+01	1.645259e-25
4.398299e+01	1.644876e-25
4.408442e+01	1.644495e-25
4.418608e+01	1.644116e-25
4.428797e+01	1.643738e-25
4.439010e+01	1.643362e-25
4.449246e+01	1.642988e-25
4.459506e+01	1.642616e-25
4.469790e+01	1.642246e-25
4.480097e+01	1.641877e-25
4.490428e+01	1.641510e-25
4.500783e+01	1.641145e-25
4.511162e+01	1.640781e-25
4.521565e+01	1.640419e-25
4.531992e+01	1.640059e-25
4.542443e+01	1.639701e-25
4.552918e+01	1.639344e-25
4.563417e+01	1.638989e-25
4.573940e+01	1.638635e-25
4.584487e+01	1.638283e-25
4.595059e+01	1.637933e-25
4.605655e+01	1.637585e-25
4.616276e+01	1.637238e-25
4.626921e+01	1.636893e-25
4.637591e+01	1.636549e-25
4.648285e+01	1.636207e-25
4.659004e+01	1.635867e-25
4.669748e+01	1.635528e-25
4.680517e+01	1.635190e-25
4.691310e+01	1.634855e-25
4.702128e+01	1.634521e-25
4.712971e+01	1.634188e-25
4.723839e+01	1.633857e-25
4.734732e+01	1.633528e-25
4.745651e+01	1.633200e-25
4.756594e+01	1.632874e-25
4.767563e+01	1.632550e-25
4.778557e+01	1.632226e-25
4.789576e+01	1.631905e-25
4.800621e+01	1.631585e-25
4.811692e+01	1.631266e-25
4.822787e+01	1.630949e-25
4.833909e+01	1.630634e-25
4.845056e+01	1.630320e-25
4.856229e+01	1.630007e-25
4.867427e+01	1.629696e-25
4.878651e+01	1.629386e-25
4.889901e+01	1.629078e-25
4.901178e+01	1.628772e-25
4.912480e+01	1.628467e-25
4.923808e+01	1.628163e-25
4.935162e+01	1.627861e-25
4.946543e+01	1.627560e-25
4.957950e+01	1.627261e-25
4.969383e+01	1.626963e-25
4.980842e+01	1.626666e-25
4.992328e+01	1.626371e-25
5.003840e+01	1.626078e-25
5.015379e+01	1.625785e-25
5.026945e+01	1.625495e-25
5.038537e+01	1.625205e-25
5.050156e+01	1.624917e-25
5.061802e+01	1.624631e-25
5.073474e+01	1.624345e-25
5.085174e+01	1.624062e-25
5.096900e+01	1.623779e-25
5.108653e+01	1.623498e-25
5.120434e+01	1.623218e-25
5.132242e+01	1.622940e-25
5.144077e+01	1.622663e-25
5.155939e+01	1.622388e-25
5.167829e+01	1.622113e-25
5.179746e+01	1.621840e-25
5.191690e+01	1.621569e-25
5.203663e+01	1.621299e-25
5.215662e+01	1.621030e-25
5.227690e+01	1.620762e-25
5.239745e+01	1.620496e-25
5.251828e+01	1.620231e-25
5.263938e+01	1.619967e-25
5.276077e+01	1.619705e-25
5.288244e+01	1.619444e-25
5.300438e+01	1.619184e-25
5.312661e+01	1.618926e-25
5.324912e+01	1.618669e-25
5.337192e+01	1.618413e-25
5.349499e+01	1.618158e-25
5.361835e+01	1.617905e-25
5.374200e+01	1.617653e-25
5.386592e+01	1.617403e-25
5.399014e+01	1.617153e-25
5.411464e+01	1.616905e-25
5.423943e+01	1.616658e-25
5.436451e+01	1.616412e-25
5.448987e+01	1.616168e-25
5.461553e+01	1.615925e-25
5.474147e+01	1.615683e-25
5.486770e+01	1.615442e-25
5.499423e+01	1.615203e-25
5.512105e+01	1.614965e-25
5.524816e+01	1.614728e-25
5.537556e+01	1.614492e-25
5.550326e+01	1.614257e-25
5.563125e+01	1.614024e-25
5.575953e+01	1.613792e-25
5.588811e+01	1.613561e-25
5.601699e+01	1.613332e-25
5.614617e+01	1.613103e-25
5.627564e+01	1.612876e-25
5.640541e+01	1.612650e-25
5.653549e+01	1.612425e-25
5.666586e+01	1.612201e-25
5.679653e+01	1.611979e-25
5.692750e+01	1.611757e-25
5.705878e+01	1.611537e-25
5.719035e+01	1.611318e-25
5.732224e+01	1.611101e-25
5.745442e+01	1.610884e-25
5.758691e+01	1.610669e-25
5.771971e+01	1.610454e-25
5.785281e+01	1.610241e-25
5.798622e+01	1.610029e-25
5.811993e+01	1.609819e-25
5.825396e+01	1.609609e-25
5.838829e+01	1.609401e-25
5.852294e+01	1.609193e-25
5.865789e+01	1.608987e-25
5.879316e+01	1.608782e-25
5.892874e+01	1.608578e-25
5.906463e+01	1.608376e-25
5.920083e+01	1.608174e-25
5.933735e+01	1.607973e-25
5.947418e+01	1.607774e-25
5.961133e+01	1.607576e-25
5.974879e+01	1.607379e-25
5.988657e+01	1.607183e-25
6.002467e+01	1.606988e-25
6.016309e+01	1.606794e-25
6.030183e+01	1.606602e-25
6.044088e+01	1.606410e-25
6.058026e+01	1.606220e-25
6.071996e+01	1.606030e-25
6.085998e+01	1.605842e-25
6.100032e+01	1.605655e-25
6.114099e+01	1.605469e-25
6.128198e+01	1.605284e-25
6.142330e+01	1.605100e-25
6.156494e+01	1.604918e-25
6.170691e+01	1.604736e-25
6.184921e+01	1.604555e-25
6.199183e+01	1.604376e-25
6.213478e+01	1.604198e-25
6.227807e+01	1.604020e-25
6.242168e+01	1.603844e-25
6.256563e+01	1.603669e-25
6.270990e+01	1.603495e-25
6.285451e+01	1.603322e-25
6.299945e+01	1.603150e-25
6.314473e+01	1.602979e-25
6.329035e+01	1.602809e-25
6.343629e+01	1.602641e-25
6.358258e+01	1.602473e-25
6.372920e+01	1.602306e-25
6.387616e+01	1.602141e-25
6.402346e+01	1.601976e-25
6.417110e+01	1.601813e-25
6.431908e+01	1.601650e-25
6.446740e+01	1.601489e-25
6.461606e+01	1.601329e-25
6.476506e+01	1.601170e-25
6.491441e+01	1.601011e-25
6.506410e+01	1.600854e-25
6.521414e+01	1.600698e-25
6.536453e+01	1.600543e-25
6.551526e+01	1.600389e-25
6.566634e+01	1.600236e-25
6.581776e+01	1.600084e-25
6.596954e+01	1.599933e-25
6.612167e+01	1.599783e-25
6.627414e+01	1.599634e-25
6.642697e+01	1.599487e-25
6.658015e+01	1.599340e-25
6.673369e+01	1.599194e-25
6.688758e+01	1.599049e-25
6.704182e+01	1.598905e-25
6.719642e+01	1.598763e-25
6.735137e+01	1.598621e-25
6.750669e+01	1.598480e-25
6.766236e+01	1.598341e-25
6.781839e+01	1.598202e-25
6.797478e+01	1.598065e-25
6.813153e+01	1.597928e-25
6.828864e+01	1.597792e-25
6.844611e+01	1.597658e-25
6.860395e+01	1.597524e-25
6.876215e+01	1.597392e-25
6.892072e+01	1.597260e-25
6.907965e+01	1.597130e-25
6.923895e+01	1.597000e-25
6.939861e+01	1.596871e-25
6.955865e+01	1.596744e-25
6.971905e+01	1.596618e-25
6.987982e+01	1.596492e-25
7.004097e+01	1.596367e-25
7.020248e+01	1.596244e-25
7.036437e+01	1.596121e-25
7.052663e+01	1.596000e-25
7.068927e+01	1.595879e-25
7.085228e+01	1.595760e-25
7.101566e+01	1.595641e-25
7.117942e+01	1.595524e-25
7.134356e+01	1.595407e-25
7.150808e+01	1.595291e-25
7.167298e+01	1.595177e-25
7.183826e+01	1.595063e-25
7.200392e+01	1.594951e-25
7.216996e+01	1.594839e-25
7.233639e+01	1.594729e-25
7.250319e+01	1.594619e-25
7.267039e+01	1.594510e-25
7.283796e+01	1.594403e-25
7.300593e+01	1.594296e-25
7.317428e+01	1.594190e-25
7.334302e+01	1.594086e-25
7.351215e+01	1.593982e-25
7.368167e+01	1.593879e-25
7.385158e+01	1.593777e-25
7.402188e+01	1.593677e-25
7.419258e+01	1.593577e-25
7.436367e+01	1.593478e-25
7.453515e+01	1.593380e-25
7.470703e+01	1.593283e-25
7.487930e+01	1.593188e-25
7.505198e+01	1.593093e-25
7.522505e+01	1.592999e-25
7.539852e+01	1.592906e-25
7.557239e+01	1.592814e-25
7.574666e+01	1.592723e-25
7.592133e+01	1.592633e-25
7.609640e+01	1.592544e-25
7.627188e+01	1.592456e-25
7.644777e+01	1.592369e-25
7.662406e+01	1.592283e-25
7.680075e+01	1.592198e-25
7.697786e+01	1.592113e-25
7.715537e+01	1.592030e-25
7.733329e+01	1.591948e-25
7.751162e+01	1.591867e-25
7.769036e+01	1.591786e-25
7.786952e+01	1.591707e-25
7.804908e+01	1.591629e-25
7.822907e+01	1.591552e-25
7.840946e+01	1.591475e-25
7.859027e+01	1.591400e-25
7.877150e+01	1.591326e-25
7.895315e+01	1.591252e-25
7.913522e+01	1.591180e-25
7.931771e+01	1.591108e-25
7.950061e+01	1.591038e-25
7.968394e+01	1.590968e-25
7.986769e+01	1.590900e-25
8.005187e+01	1.590832e-25
8.023647e+01	1.590766e-25
8.042149e+01	1.590700e-25
8.060695e+01	1.590635e-25
8.079283e+01	1.590572e-25
8.097914e+01	1.590509e-25
8.116587e+01	1.590447e-25
8.135304e+01	1.590387e-25
8.154064e+01	1.590327e-25
8.172868e+01	1.590268e-25
8.191715e+01	1.590210e-25
8.210605e+01	1.590153e-25
8.229538e+01	1.590097e-25
8.248516e+01	1.590043e-25
8.267537e+01	1.589989e-25
8.286602e+01	1.589936e-25
8.305711e+01	1.589884e-25
8.324864e+01	1.589833e-25
8.344061e+01	1.589783e-25
8.363303e+01	1.589734e-25
8.382588e+01	1.589686e-25
8.401919e+01	1.589639e-25
8.421294e+01	1.589593e-25
8.440713e+01	1.589548e-25
8.460178e+01	1.589504e-25
8.479687e+01	1.589460e-25
8.499241e+01	1.589418e-25
8.518840e+01	1.589377e-25
8.538485e+01	1.589337e-25
8.558175e+01	1.589298e-25
8.577910e+01	1.589260e-25
8.597691e+01	1.589222e-25
8.617517e+01	1.589186e-25
8.637389e+01	1.589151e-25
8.657307e+01	1.589117e-25
8.677271e+01	1.589084e-25
8.697280e+01	1.589051e-25
8.717337e+01	1.589020e-25
8.737439e+01	1.588990e-25
8.757587e+01	1.588961e-25
8.777782e+01	1.588932e-25
8.798024e+01	1.588905e-25
8.818312e+01	1.588879e-25
8.838647e+01	1.588853e-25
8.859029e+01	1.588829e-25
8.879458e+01	1.588806e-25
8.899935e+01	1.588784e-25
8.920458e+01	1.588762e-25
8.941029e+01	1.588742e-25
8.961647e+01	1.588723e-25
8.982312e+01	1.588705e-25
9.003025e+01	1.588687e-25
9.023786e+01	1.588671e-25
9.044595e+01	1.588656e-25
9.065452e+01	1.588642e-25
9.086357e+01	1.588628e-25
9.107310e+01	1.588616e-25
9.128312e+01	1.588605e-25
9.149362e+01	1.588594e-25
9.170461e+01	1.588585e-25
9.191608e+01	1.588577e-25
9.212804e+01	1.588570e-25
9.234048e+01	1.588564e-25
9.255342e+01	1.588559e-25
9.276685e+01	1.588555e-25
9.298077e+01	1.588552e-25
9.319519e+01	1.588549e-25
9.341009e+01	1.588548e-25
9.362550e+01	1.588548e-25
9.384140e+01	1.588549e-25
9.405780e+01	1.588551e-25
9.427470e+01	1.588555e-25
9.449210e+01	1.588559e-25
9.471000e+01	1.588564e-25
9.492840e+01	1.588570e-25
9.514730e+01	1.588577e-25
9.536671e+01	1.588585e-25
9.558663e+01	1.588594e-25
9.580705e+01	1.588605e-25
9.602798e+01	1.588616e-25
9.624943e+01	1.588629e-25
9.647138e+01	1.588642e-25
9.669384e+01	1.588657e-25
9.691682e+01	1.588672e-25
9.714031e+01	1.588689e-25
9.736432e+01	1.588706e-25
9.758884e+01	1.588725e-25
9.781388e+01	1.588745e-25
9.803944e+01	1.588766e-25
9.826552e+01	1.588787e-25
9.849212e+01	1.588810e-25
9.871924e+01	1.588834e-25
9.894689e+01	1.588859e-25
9.917506e+01	1.588885e-25
9.940376e+01	1.588912e-25
9.963299e+01	1.588941e-25
9.986274e+01	1.588970e-25
1.000930e+02	1.589000e-25
1.003238e+02	1.589032e-25
1.005552e+02	1.589064e-25
1.007871e+02	1.589098e-25
1.010195e+02	1.589133e-25
1.012524e+02	1.589169e-25
1.014859e+02	1.589205e-25
1.017199e+02	1.589243e-25
1.019545e+02	1.589282e-25
1.021896e+02	1.589322e-25
1.024253e+02	1.589364e-25
1.026615e+02	1.589406e-25
1.028982e+02	1.589449e-25
1.031355e+02	1.589494e-25
1.033733e+02	1.589540e-25
1.036117e+02	1.589586e-25
1.038506e+02	1.589634e-25
1.040901e+02	1.589683e-25
1.043302e+02	1.589733e-25
1.045707e+02	1.589784e-25
1.048119e+02	1.589836e-25
1.050536e+02	1.589890e-25
1.052958e+02	1.589944e-25
1.055386e+02	1.590000e-25
1.057820e+02	1.590057e-25
1.060259e+02	1.590114e-25
1.062704e+02	1.590173e-25
1.065155e+02	1.590234e-25
1.067611e+02	1.590295e-25
1.070073e+02	1.590357e-25
1.072541e+02	1.590421e-25
1.075014e+02	1.590485e-25
1.077493e+02	1.590551e-25
1.079978e+02	1.590618e-25
1.082468e+02	1.590686e-25
1.084964e+02	1.590755e-25
1.087466e+02	1.590826e-25
1.089974e+02	1.590897e-25
1.092488e+02	1.590970e-25
1.095007e+02	1.591044e-25
1.097532e+02	1.591119e-25
1.100063e+02	1.591195e-25
1.102600e+02	1.591273e-25
1.105142e+02	1.591351e-25
1.107691e+02	1.591431e-25
1.110245e+02	1.591512e-25
1.112805e+02	1.591594e-25
1.115371e+02	1.591677e-25
1.117943e+02	1.591762e-25
1.120521e+02	1.591847e-25
1.123105e+02	1.591934e-25
1.125695e+02	1.592022e-25
1.128291e+02	1.592111e-25
1.130893e+02	1.592202e-25
1.133501e+02	1.592293e-25
1.136115e+02	1.592386e-25
1.138735e+02	1.592480e-25
1.141360e+02	1.592576e-25
1.143992e+02	1.592672e-25
1.146630e+02	1.592770e-25
1.149275e+02	1.592869e-25
1.151925e+02	1.592969e-25
1.154581e+02	1.593070e-25
1.157244e+02	1.593173e-25
1.159912e+02	1.593277e-25
1.162587e+02	1.593382e-25
1.165268e+02	1.593488e-25
1.167955e+02	1.593596e-25
1.170648e+02	1.593705e-25
1.173348e+02	1.593815e-25
1.176054e+02	1.593926e-25
1.178766e+02	1.594038e-25
1.181484e+02	1.594152e-25
1.184209e+02	1.594267e-25
1.186939e+02	1.594384e-25
1.189676e+02	1.594501e-25
1.192420e+02	1.594620e-25
1.195169e+02	1.594740e-25
1.197926e+02	1.594862e-25
1.200688e+02	1.594985e-25
1.203457e+02	1.595109e-25
1.206232e+02	1.595234e-25
1.209013e+02	1.595361e-25
1.211801e+02	1.595489e-25
1.214596e+02	1.595618e-25
1.217397e+02	1.595748e-25
1.220204e+02	1.595880e-25
1.223018e+02	1.596013e-25
1.225838e+02	1.596148e-25
1.228665e+02	1.596284e-25
1.231498e+02	1.596421e-25
1.234338e+02	1.596559e-25
1.237185e+02	1.596699e-25
1.240037e+02	1.596840e-25
1.242897e+02	1.596982e-25
1.245763e+02	1.597126e-25
1.248636e+02	1.597271e-25
1.251515e+02	1.597418e-25
1.254401e+02	1.597566e-25
1.257294e+02	1.597715e-25
1.260193e+02	1.597866e-25
1.263099e+02	1.598018e-25
1.266012e+02	1.598171e-25
1.268931e+02	1.598325e-25
1.271858e+02	1.598482e-25
1.274791e+02	1.598639e-25
1.277730e+02	1.598798e-25
1.280677e+02	1.598958e-25
1.283630e+02	1.599120e-25
1.286590e+02	1.599283e-25
1.289557e+02	1.599447e-25
1.292531e+02	1.599613e-25
1.295511e+02	1.599780e-25
1.298499e+02	1.599949e-25
1.301493e+02	1.600119e-25
1.304494e+02	1.600291e-25
1.307502e+02	1.600463e-25
1.310517e+02	1.600638e-25
1.313540e+02	1.600814e-25
1.316569e+02	1.600991e-25
1.319605e+02	1.601170e-25
1.322648e+02	1.601350e-25
1.325698e+02	1.601531e-25
1.328755e+02	1.601715e-25
1.331819e+02	1.601899e-25
1.334890e+02	1.602085e-25
1.337968e+02	1.602273e-25
1.341054e+02	1.602461e-25
1.344146e+02	1.602652e-25
1.347246e+02	1.602844e-25
1.350352e+02	1.603037e-25
1.353467e+02	1.603232e-25
1.356588e+02	1.603429e-25
1.359716e+02	1.603627e-25
1.362851e+02	1.603826e-25
1.365994e+02	1.604027e-25
1.369144e+02	1.604230e-25
1.372301e+02	1.604434e-25
1.375466e+02	1.604639e-25
1.378638e+02	1.604846e-25
1.381817e+02	1.605055e-25
1.385003e+02	1.605265e-25
1.388197e+02	1.605477e-25
1.391398e+02	1.605690e-25
1.394607e+02	1.605905e-25
1.397823e+02	1.606121e-25
1.401046e+02	1.606339e-25
1.404277e+02	1.606559e-25
1.407515e+02	1.606780e-25
1.410761e+02	1.607003e-25
1.414014e+02	1.607227e-25
1.417275e+02	1.607453e-25
1.420543e+02	1.607680e-25
1.423819e+02	1.607910e-25
1.427103e+02	1.608140e-25
1.430393e+02	1.608373e-25
1.433692e+02	1.608606e-25
1.436998e+02	1.608842e-25
1.440312e+02	1.609079e-25
1.443633e+02	1.609318e-25
1.446962e+02	1.609559e-25
1.450299e+02	1.609801e-25
1.453643e+02	1.610045e-25
1.456995e+02	1.610290e-25
1.460355e+02	1.610537e-25
1.463723e+02	1.610786e-25
1.467098e+02	1.611037e-25
1.470481e+02	1.611289e-25
1.473872e+02	1.611543e-25
1.477271e+02	1.611798e-25
1.480678e+02	1.612056e-25
1.484092e+02	1.612315e-25
1.487514e+02	1.612575e-25
1.490945e+02	1.612838e-25
1.494383e+02	1.613102e-25
1.497829e+02	1.613368e-25
1.501283e+02	1.613636e-25
1.504745e+02	1.613905e-25
1.508215e+02	1.614176e-25
1.511693e+02	1.614449e-25
1.515179e+02	1.614723e-25
1.518673e+02	1.615000e-25
1.522175e+02	1.615278e-25
1.525685e+02	1.615558e-25
1.529203e+02	1.615840e-25
1.532730e+02	1.616123e-25
1.536264e+02	1.616408e-25
1.539807e+02	1.616696e-25
1.543357e+02	1.616984e-25
1.546916e+02	1.617275e-25
1.550484e+02	1.617568e-25
1.554059e+02	1.617862e-25
1.557643e+02	1.618158e-25
1.561235e+02	1.618456e-25
1.564835e+02	1.618756e-25
1.568443e+02	1.619058e-25
1.572060e+02	1.619362e-25
1.575685e+02	1.619667e-25
1.579319e+02	1.619974e-25
1.582961e+02	1.620284e-25
1.586611e+02	1.620595e-25
1.590270e+02	1.620908e-25
1.593937e+02	1.621223e-25
1.597613e+02	1.621539e-25
1.601297e+02	1.621858e-25
1.604989e+02	1.622179e-25
1.608690e+02	1.622501e-25
1.612400e+02	1.622826e-25
1.616118e+02	1.623152e-25
1.619845e+02	1.623481e-25
1.623580e+02	1.623811e-25
1.627325e+02	1.624143e-25
1.631077e+02	1.624478e-25
1.634838e+02	1.624814e-25
1.638608e+02	1.625152e-25
1.642387e+02	1.625492e-25
1.646174e+02	1.625835e-25
1.649971e+02	1.626179e-25
1.653775e+02	1.626525e-25
1.657589e+02	1.626873e-25
1.661411e+02	1.627223e-25
1.665243e+02	1.627576e-25
1.669083e+02	1.627930e-25
1.672932e+02	1.628286e-25
1.676789e+02	1.628645e-25
1.680656e+02	1.629005e-25
1.684532e+02	1.629368e-25
1.688416e+02	1.629732e-25
1.692310e+02	1.630099e-25
1.696212e+02	1.630468e-25
1.700124e+02	1.630839e-25
1.704044e+02	1.631212e-25
1.707974e+02	1.631587e-25
1.711912e+02	1.631964e-25
1.715860e+02	1.632343e-25
1.719817e+02	1.632725e-25
1.723783e+02	1.633108e-25
1.727758e+02	1.633494e-25
1.731742e+02	1.633882e-25
1.735735e+02	1.634272e-25
1.739738e+02	1.634665e-25
1.743750e+02	1.635059e-25
1.747771e+02	1.635456e-25
1.751801e+02	1.635854e-25
1.755841e+02	1.636255e-25
1.759890e+02	1.636659e-25
1.763948e+02	1.637064e-25
1.768016e+02	1.637472e-25
1.772093e+02	1.637882e-25
1.776180e+02	1.638294e-25
1.780275e+02	1.638708e-25
1.784381e+02	1.639125e-25
1.788495e+02	1.639544e-25
1.792620e+02	1.639965e-25
1.796754e+02	1.640389e-25
1.800897e+02	1.640815e-25
1.805050e+02	1.641243e-25
1.809212e+02	1.641673e-25
1.813384e+02	1.642106e-25
1.817566e+02	1.642541e-25
1.821757e+02	1.642978e-25
1.825958e+02	1.643418e-25
1.830169e+02	1.643860e-25
1.834389e+02	1.644305e-25
1.838619e+02	1.644752e-25
1.842859e+02	1.645201e-25
1.847109e+02	1.645652e-25
1.851368e+02	1.646106e-25
1.855638e+02	1.646563e-25
1.859917e+02	1.647022e-25
1.864206e+02	1.647483e-25
1.868505e+02	1.647947e-25
1.872813e+02	1.648413e-25
1.877132e+02	1.648881e-25
1.881461e+02	1.649352e-25
1.885799e+02	1.649826e-25
1.890148e+02	1.650302e-25
1.894507e+02	1.650780e-25
1.898876e+02	1.651261e-25
1.903254e+02	1.651745e-25
1.907643e+02	1.652231e-25
1.912042e+02	1.652719e-25
1.916452e+02	1.653210e-25
1.920871e+02	1.653704e-25
1.925300e+02	1.654200e-25
1.929740e+02	1.654699e-25
1.934190e+02	1.655200e-25
1.938650e+02	1.655704e-25
1.943121e+02	1.656210e-25
1.947602e+02	1.656719e-25
1.952093e+02	1.657231e-25
1.956595e+02	1.657745e-25
1.961106e+02	1.658262e-25
1.965629e+02	1.658781e-25
1.970162e+02	1.659304e-25
1.974705e+02	1.659828e-25
1.979258e+02	1.660356e-25
1.983823e+02	1.660886e-25
1.988397e+02	1.661419e-25
1.992983e+02	1.661955e-25
1.997578e+02	1.662493e-25
2.002185e+02	1.663034e-25
2.006802e+02	1.663577e-25
2.011430e+02	1.664124e-25
2.016068e+02	1.664673e-25
2.020717e+02	1.665225e-25
2.025377e+02	1.665780e-25
2.030047e+02	1.666338e-25
2.034729e+02	1.666898e-25
2.039421e+02	1.667461e-25
2.044124e+02	1.668027e-25
2.048837e+02	1.668596e-25
2.053562e+02	1.669167e-25
2.058298e+02	1.669742e-25
2.063044e+02	1.670319e-25
2.067801e+02	1.670899e-25
2.072570e+02	1.671482e-25
2.077349e+02	1.672069e-25
2.082140e+02	1.672657e-25
2.086941e+02	1.673249e-25
2.091754e+02	1.673844e-25
2.096577e+02	1.674442e-25
2.101412e+02	1.675043e-25
2.106258e+02	1.675646e-25
2.111115e+02	1.676253e-25
2.115983e+02	1.676863e-25
2.120863e+02	1.677475e-25
2.125753e+02	1.678091e-25
2.130655e+02	1.678710e-25
2.135569e+02	1.679332e-25
2.140493e+02	1.679957e-25
2.145429e+02	1.680585e-25
2.150377e+02	1.681216e-25
2.155335e+02	1.681850e-25
2.160306e+02	1.682488e-25
2.165287e+02	1.683128e-25
2.170280e+02	1.683772e-25
2.175285e+02	1.684419e-25
2.180301e+02	1.685070e-25
2.185329e+02	1.685723e-25
2.190368e+02	1.686380e-25
2.195420e+02	1.687041e-25
2.200482e+02	1.687704e-25
2.205557e+02	1.688371e-25
2.210642e+02	1.689042e-25
2.215740e+02	1.689716e-25
2.220850e+02	1.690394e-25
2.225971e+02	1.691075e-25
2.231104e+02	1.691760e-25
2.236249e+02	1.692449e-25
2.241406e+02	1.693141e-25
2.246575e+02	1.693838e-25
2.251755e+02	1.694539e-25
2.256948e+02	1.695244e-25
2.262152e+02	1.695954e-25
2.267369e+02	1.696668e-25
2.272597e+02	1.697387e-25
2.277838e+02	1.698112e-25
2.283091e+02	1.698842e-25
2.288356e+02	1.699578e-25
2.293633e+02	1.700322e-25
2.298922e+02	1.701074e-25
2.304223e+02	1.701835e-25
2.309537e+02	1.702607e-25
2.314862e+02	1.703393e-25
2.320200e+02	1.704196e-25
2.325551e+02	1.705022e-25
2.330914e+02	1.705878e-25
2.336289e+02	1.706777e-25
2.341676e+02	1.707740e-25
2.347076e+02	1.708806e-25
2.352489e+02	1.710046e-25
2.357913e+02	1.711615e-25
2.363351e+02	1.713889e-25
2.368801e+02	1.718003e-25
2.374263e+02	1.728849e-25
2.379738e+02	1.792947e-25
2.385226e+02	3.474508e-25
2.390726e+02	1.757582e-25
2.396239e+02	1.726960e-25
2.401765e+02	1.720991e-25
2.407304e+02	1.719291e-25
2.412855e+02	1.718904e-25
2.418419e+02	1.719052e-25
2.423996e+02	1.719459e-25
2.429586e+02	1.720008e-25
2.435188e+02	1.720641e-25
2.440804e+02	1.721328e-25
2.446432e+02	1.722052e-25
2.452074e+02	1.722803e-25
2.457728e+02	1.723573e-25
2.463396e+02	1.724358e-25
2.469076e+02	1.725156e-25
2.474770e+02	1.725964e-25
2.480477e+02	1.726780e-25
2.486197e+02	1.727605e-25
2.491930e+02	1.728436e-25
2.497677e+02	1.729274e-25
2.503436e+02	1.730117e-25
2.509209e+02	1.730966e-25
2.514995e+02	1.731821e-25
2.520795e+02	1.732680e-25
2.526608e+02	1.733544e-25
2.532434e+02	1.734413e-25
2.538274e+02	1.735287e-25
2.544127e+02	1.736165e-25
2.549994e+02	1.737048e-25
2.555874e+02	1.737935e-25
2.561768e+02	1.738826e-25
2.567676e+02	1.739722e-25
2.573597e+02	1.740622e-25
2.579532e+02	1.741526e-25
2.585480e+02	1.742435e-25
2.591442e+02	1.743347e-25
2.597418e+02	1.744264e-25
2.603408e+02	1.745186e-25
2.609411e+02	1.746111e-25
2.615429e+02	1.747041e-25
2.621460e+02	1.747975e-25
2.627505e+02	1.748913e-25
2.633564e+02	1.749856e-25
2.639637e+02	1.750802e-25
2.645724e+02	1.751753e-25
2.651825e+02	1.752709e-25
2.657940e+02	1.753668e-25
2.664069e+02	1.754632e-25
2.670213e+02	1.755600e-25
2.676370e+02	1.756572e-25
2.682542e+02	1.757549e-25
2.688728e+02	1.758530e-25
2.694928e+02	1.759516e-25
2.701143e+02	1.760505e-25
2.707372e+02	1.761499e-25
2.713615e+02	1.762498e-25
2.719872e+02	1.763501e-25
2.726144e+02	1.764508e-25
2.732431e+02	1.765520e-25
2.738732e+02	1.766536e-25
2.745048e+02	1.767556e-25
2.751378e+02	1.768581e-25
2.757722e+02	1.769611e-25
2.764082e+02	1.770644e-25
2.770456e+02	1.771683e-25
2.776844e+02	1.772726e-25
2.783248e+02	1.773773e-25
2.789666e+02	1.774825e-25
2.796099e+02	1.775881e-25
2.802547e+02	1.776942e-25
2.809009e+02	1.778008e-25
2.815487e+02	1.779078e-25
2.821980e+02	1.780153e-25
2.828487e+02	1.781233e-25
2.835010e+02	1.782317e-25
2.841547e+02	1.783405e-25
2.848100e+02	1.784499e-25
2.854667e+02	1.785597e-25
2.861250e+02	1.786700e-25
2.867849e+02	1.787807e-25
2.874462e+02	1.788920e-25
2.881090e+02	1.790037e-25
2.887734e+02	1.791158e-25
2.894393e+02	1.792285e-25
2.901068e+02	1.793416e-25
2.907758e+02	1.794552e-25
2.914463e+02	1.795694e-25
2.921184e+02	1.796839e-25
2.927920e+02	1.797990e-25
2.934672e+02	1.799146e-25
2.941439e+02	1.800306e-25
2.948222e+02	1.801471e-25
2.955021e+02	1.802642e-25
2.961835e+02	1.803817e-25
2.968665e+02	1.804997e-25
2.975511e+02	1.806183e-25
2.982372e+02	1.807373e-25
2.989250e+02	1.808568e-25
2.996143e+02	1.809768e-25
3.003052e+02	1.810973e-25
3.009977e+02	1.812184e-25
3.016918e+02	1.813399e-25
3.023875e+02	1.814620e-25
3.030848e+02	1.815845e-25
3.037837e+02	1.817076e-25
3.044843e+02	1.818312e-25
3.051864e+02	1.819553e-25
3.058902e+02	1.820799e-25
3.065956e+02	1.822050e-25
3.073026e+02	1.823307e-25
3.080112e+02	1.824569e-25
3.087215e+02	1.825836e-25
3.094334e+02	1.827108e-25
3.101470e+02	1.828386e-25
3.108622e+02	1.829669e-25
3.115790e+02	1.830957e-25
3.122975e+02	1.832251e-25
3.130177e+02	1.833549e-25
3.137395e+02	1.834854e-25
3.144630e+02	1.836163e-25
3.151881e+02	1.837478e-25
3.159150e+02	1.838799e-25
3.166435e+02	1.840125e-25
3.173736e+02	1.841456e-25
3.181055e+02	1.842793e-25
3.188391e+02	1.844136e-25
3.195743e+02	1.845483e-25
3.203113e+02	1.846837e-25
3.210499e+02	1.848196e-25
3.217902e+02	1.849560e-25
3.225323e+02	1.850930e-25
3.232761e+02	1.852306e-25
3.240215e+02	1.853687e-25
3.247687e+02	1.855075e-25
3.255177e+02	1.856467e-25
3.262683e+02	1.857865e-25
3.270207e+02	1.859269e-25
3.277748e+02	1.860679e-25
3.285306e+02	1.862095e-25
3.292882e+02	1.863516e-25
3.300476e+02	1.864943e-25
3.308087e+02	1.866375e-25
3.315715e+02	1.867814e-25
3.323361e+02	1.869258e-25
3.331025e+02	1.870709e-25
3.338706e+02	1.872165e-25
3.346405e+02	1.873627e-25
3.354122e+02	1.875095e-25
3.361857e+02	1.876568e-25
3.369609e+02	1.878048e-25
3.377380e+02	1.879534e-25
3.385168e+02	1.881025e-25
3.392974e+02	1.882523e-25
3.400798e+02	1.884027e-25
3.408641e+02	1.885536e-25
3.416501e+02	1.887052e-25
3.424379e+02	1.888574e-25
3.432276e+02	1.890102e-25
3.440191e+02	1.891636e-25
3.448124e+02	1.893176e-25
3.456075e+02	1.894722e-25
3.464045e+02	1.896275e-25
3.472033e+02	1.897833e-25
3.480040e+02	1.899398e-25
3.488065e+02	1.900969e-25
3.496108e+02	1.902547e-25
3.504170e+02	1.904130e-25
3.512251e+02	1.905720e-25
3.520350e+02	1.907316e-25
3.528468e+02	1.908919e-25
3.536605e+02	1.910528e-25
3.544760e+02	1.912143e-25
3.552935e+02	1.913764e-25
3.561128e+02	1.915392e-25
3.569340e+02	1.917027e-25
3.577571e+02	1.918668e-25
3.585820e+02	1.920315e-25
3.594089e+02	1.921969e-25
3.602377e+02	1.923629e-25
3.610684e+02	1.925296e-25
3.619011e+02	1.926970e-25
3.627356e+02	1.928650e-25
3.635721e+02	1.930336e-25
3.644105e+02	1.932029e-25
3.652508e+02	1.933729e-25
3.660931e+02	1.935436e-25
3.669373e+02	1.937149e-25
3.677835e+02	1.938869e-25
3.686316e+02	1.940595e-25
3.694817e+02	1.942329e-25
3.703337e+02	1.944069e-25
3.711877e+02	1.945815e-25
3.720436e+02	1.947569e-25
3.729016e+02	1.949329e-25
3.737615e+02	1.951097e-25
3.746234e+02	1.952871e-25
3.754873e+02	1.954652e-25
3.763531e+02	1.956440e-25
3.772210e+02	1.958235e-25
3.780909e+02	1.960036e-25
3.789628e+02	1.961845e-25
3.798367e+02	1.963661e-25
3.807126e+02	1.965484e-25
3.815905e+02	1.967313e-25
3.824704e+02	1.969150e-25
3.833524e+02	1.970994e-25
3.842364e+02	1.972845e-25
3.851225e+02	1.974703e-25
3.860106e+02	1.976568e-25
3.869007e+02	1.978441e-25
3.877929e+02	1.980320e-25
3.886872e+02	1.982207e-25
3.895835e+02	1.984101e-25
3.904819e+02	1.986002e-25
3.913823e+02	1.987911e-25
3.922849e+02	1.989827e-25
3.931895e+02	1.991749e-25
3.940962e+02	1.993680e-25
3.950050e+02	1.995618e-25
3.959158e+02	1.997563e-25
3.968288e+02	1.999516e-25
3.977439e+02	2.001475e-25
3.986611e+02	2.003443e-25
3.995804e+02	2.005418e-25
4.005019e+02	2.007400e-25
4.014254e+02	2.009390e-25
4.023511e+02	2.011388e-25
4.032790e+02	2.013393e-25
4.042089e+02	2.015405e-25
4.051410e+02	2.017425e-25
4.060753e+02	2.019453e-25
4.070117e+02	2.021488e-25
4.079503e+02	2.023531e-25
4.088910e+02	2.025582e-25
4.098339e+02	2.027641e-25
4.107790e+02	2.029707e-25
4.117262e+02	2.031781e-25
4.126757e+02	2.033863e-25
4.136273e+02	2.035952e-25
4.145811e+02	2.038050e-25
4.155372e+02	2.040155e-25
4.164954e+02	2.042268e-25
4.174558e+02	2.044389e-25
4.184185e+02	2.046518e-25
4.193834e+02	2.048655e-25
4.203505e+02	2.050800e-25
4.213198e+02	2.052953e-25
4.222914e+02	2.055114e-25
4.232652e+02	2.057283e-25
4.242412e+02	2.059460e-25
4.252196e+02	2.061645e-25
4.262001e+02	2.063838e-25
4.271829e+02	2.066039e-25
4.281680e+02	2.068249e-25
4.291554e+02	2.070467e-25
4.301450e+02	2.072692e-25
4.311369e+02	2.074926e-25
4.321311e+02	2.077169e-25
4.331276e+02	2.079419e-25
4.341264e+02	2.081678e-25
4.351275e+02	2.083946e-25
4.361309e+02	2.086221e-25
4.371366e+02	2.088505e-25
4.381447e+02	2.090798e-25
4.391551e+02	2.093099e-25
4.401678e+02	2.095408e-25
4.411828e+02	2.097725e-25
4.422002e+02	2.100052e-25
4.432199e+02	2.102387e-25
4.442419e+02	2.104730e-25
4.452664e+02	2.107082e-25
4.462932e+02	2.109442e-25
4.473223e+02	2.111811e-25
4.483538e+02	2.114189e-25
4.493877e+02	2.116576e-25
4.504240e+02	2.118971e-25
4.514627e+02	2.121375e-25
4.525038e+02	2.123787e-25
4.535473e+02	2.126209e-25
4.545931e+02	2.128639e-25
4.556415e+02	2.131078e-25
4.566922e+02	2.133527e-25
4.577453e+02	2.135984e-25
4.588009e+02	2.138450e-25
4.598589e+02	2.140925e-25
4.609193e+02	2.143409e-25
4.619822e+02	2.145902e-25
4.630475e+02	2.148405e-25
4.641153e+02	2.150917e-25
4.651856e+02	2.153439e-25
4.662583e+02	2.155970e-25
4.673335e+02	2.158512e-25
4.684112e+02	2.161064e-25
4.694913e+02	2.163628e-25
4.705740e+02	2.166207e-25
4.716591e+02	2.168804e-25
4.727468e+02	2.171430e-25
4.738369e+02	2.174120e-25
4.749296e+02	2.177025e-25
4.760248e+02	2.181796e-25
4.771225e+02	2.214087e-25
4.782227e+02	2.185433e-25
4.793255e+02	2.187326e-25
4.804309e+02	2.189806e-25
4.815387e+02	2.192400e-25
4.826492e+02	2.195037e-25
4.837622e+02	2.197697e-25
4.848777e+02	2.200373e-25
4.859959e+02	2.203062e-25
4.871166e+02	2.205763e-25
4.882398e+02	2.208475e-25
4.893657e+02	2.211197e-25
4.904942e+02	2.213930e-25
4.916253e+02	2.216672e-25
4.927590e+02	2.219424e-25
4.938953e+02	2.222187e-25
4.950342e+02	2.224959e-25
4.961758e+02	2.227742e-25
4.973200e+02	2.230534e-25
4.984668e+02	2.233336e-25
4.996163e+02	2.236148e-25
5.007684e+02	2.238970e-25
5.019232e+02	2.241802e-25
5.030806e+02	2.244644e-25
5.042407e+02	2.247495e-25
5.054035e+02	2.250357e-25
5.065689e+02	2.253229e-25
5.077371e+02	2.256111e-25
5.089079e+02	2.259003e-25
5.100815e+02	2.261905e-25
5.112577e+02	2.264818e-25
5.124367e+02	2.267740e-25
5.136184e+02	2.270673e-25
5.148028e+02	2.273616e-25
5.159899e+02	2.276569e-25
5.171798e+02	2.279533e-25
5.183724e+02	2.282506e-25
5.195678e+02	2.285490e-25
5.207659e+02	2.288485e-25
5.219668e+02	2.291490e-25
5.231705e+02	2.294505e-25
5.243769e+02	2.297530e-25
5.255861e+02	2.300567e-25
5.267981e+02	2.303613e-25
5.280129e+02	2.306670e-25
5.292305e+02	2.309738e-25
5.304510e+02	2.312816e-25
5.316742e+02	2.315905e-25
5.329002e+02	2.319005e-25
5.341291e+02	2.322115e-25
5.353608e+02	2.325236e-25
5.365953e+02	2.328368e-25
5.378327e+02	2.331510e-25
5.390730e+02	2.334663e-25
5.403161e+02	2.337827e-25
5.415621e+02	2.341002e-25
5.428109e+02	2.344188e-25
5.440626e+02	2.347384e-25
5.453172e+02	2.350592e-25
5.465747e+02	2.353810e-25
5.478351e+02	2.357040e-25
5.490985e+02	2.360280e-25
5.503647e+02	2.363532e-25
5.516338e+02	2.366794e-25
5.529059e+02	2.370068e-25
5.541809e+02	2.373353e-25
5.554589e+02	2.376649e-25
5.567397e+02	2.379956e-25
5.580236e+02	2.383274e-25
5.593104e+02	2.386604e-25
5.606002e+02	2.389945e-25
5.618929e+02	2.393297e-25
5.631887e+02	2.396661e-25
5.644874e+02	2.400036e-25
5.657891e+02	2.403422e-25
5.670938e+02	2.406820e-25
5.684015e+02	2.410229e-25
5.697123e+02	2.413650e-25
5.710260e+02	2.417082e-25
5.723428e+02	2.420526e-25
5.736626e+02	2.423982e-25
5.749855e+02	2.427449e-25
5.763114e+02	2.430928e-25
5.776404e+02	2.434418e-25
5.789724e+02	2.437920e-25
5.803076e+02	2.441434e-25
5.816458e+02	2.444960e-25
5.829870e+02	2.448497e-25
5.843314e+02	2.452047e-25
5.856789e+02	2.455608e-25
5.870295e+02	2.459181e-25
5.883832e+02	2.462766e-25
5.897400e+02	2.466363e-25
5.910999e+02	2.469972e-25
5.924630e+02	2.473593e-25
5.938292e+02	2.477226e-25
5.951986e+02	2.480871e-25
5.965711e+02	2.484528e-25
5.979468e+02	2.488198e-25
5.993257e+02	2.491880e-25
6.007078e+02	2.495573e-25
6.020930e+02	2.499280e-25
6.034814e+02	2.502998e-25
6.048731e+02	2.506729e-25
6.062679e+02	2.510472e-25
6.076659e+02	2.514227e-25
6.090672e+02	2.517995e-25
6.104718e+02	2.521775e-25
6.118795e+02	2.525568e-25
6.132905e+02	2.529373e-25
6.147047e+02	2.533191e-25
6.161223e+02	2.537022e-25
6.175430e+02	2.540865e-25
6.189671e+02	2.544720e-25
6.203945e+02	2.548589e-25
6.218251e+02	2.552470e-25
6.232590e+02	2.556364e-25
6.246963e+02	2.560270e-25
6.261368e+02	2.564190e-25
6.275807e+02	2.568122e-25
6.290279e+02	2.572067e-25
6.304784e+02	2.576025e-25
6.319323e+02	2.579997e-25
6.333896e+02	2.583981e-25
6.348502e+02	2.587978e-25
6.363141e+02	2.591988e-25
6.377815e+02	2.596011e-25
6.392522e+02	2.600047e-25
6.407263e+02	2.604097e-25
6.422038e+02	2.608159e-25
6.436848e+02	2.612235e-25
6.451691e+02	2.616325e-25
6.466569e+02	2.620427e-25
6.481481e+02	2.624543e-25
6.496427e+02	2.628672e-25
6.511408e+02	2.632815e-25
6.526423e+02	2.636971e-25
6.541473e+02	2.641140e-25
6.556558e+02	2.645323e-25
6.571677e+02	2.649520e-25
6.586832e+02	2.653730e-25
6.602021e+02	2.657954e-25
6.617245e+02	2.662191e-25
6.632505e+02	2.666442e-25
6.647799e+02	2.670707e-25
6.663129e+02	2.674985e-25
6.678495e+02	2.679278e-25
6.693895e+02	2.683584e-25
6.709331e+02	2.687904e-25
6.724803e+02	2.692238e-25
6.740311e+02	2.696586e-25
6.755854e+02	2.700948e-25
6.771433e+02	2.705324e-25
6.787048e+02	2.709714e-25
6.802699e+02	2.714118e-25
6.818386e+02	2.718536e-25
6.834109e+02	2.722969e-25
6.849869e+02	2.727415e-25
6.865665e+02	2.731876e-25
6.881497e+02	2.736351e-25
6.897365e+02	2.740841e-25
6.913271e+02	2.745344e-25
6.929213e+02	2.749863e-25
6.945192e+02	2.754395e-25
6.961207e+02	2.758943e-25
6.977260e+02	2.763504e-25
6.993350e+02	2.768081e-25
7.009476e+02	2.772672e-25
7.025640e+02	2.777278e-25
7.041842e+02	2.781899e-25
7.058080e+02	2.786535e-25
7.074356e+02	2.791187e-25
7.090670e+02	2.795856e-25
7.107021e+02	2.800546e-25
7.123410e+02	2.805273e-25
7.139836e+02	2.810210e-25
7.156301e+02	2.819782e-25
7.172803e+02	2.819516e-25
7.189344e+02	2.824178e-25
7.205922e+02	2.828927e-25
7.222539e+02	2.833703e-25
7.239194e+02	2.838498e-25
7.255888e+02	2.843311e-25
7.272620e+02	2.848139e-25
7.289391e+02	2.852982e-25
7.306200e+02	2.857842e-25
7.323048e+02	2.862717e-25
7.339936e+02	2.867607e-25
7.356861e+02	2.872513e-25
7.373827e+02	2.877434e-25
7.390831e+02	2.882371e-25
7.407874e+02	2.887323e-25
7.424956e+02	2.892291e-25
7.442079e+02	2.897275e-25
7.459240e+02	2.902274e-25
7.476441e+02	2.907289e-25
7.493682e+02	2.912320e-25
7.510962e+02	2.917367e-25
7.528283e+02	2.922429e-25
7.545643e+02	2.927507e-25
7.563043e+02	2.932602e-25
7.580484e+02	2.937712e-25
7.597964e+02	2.942838e-25
7.615485e+02	2.947980e-25
7.633047e+02	2.953139e-25
7.650648e+02	2.958313e-25
7.668291e+02	2.963504e-25
7.685974e+02	2.968711e-25
7.703698e+02	2.973934e-25
7.721463e+02	2.979173e-25
7.739268e+02	2.984429e-25
7.757115e+02	2.989702e-25
7.775003e+02	2.994990e-25
7.792932e+02	3.000295e-25
7.810903e+02	3.005617e-25
7.828915e+02	3.010955e-25
7.846969e+02	3.016310e-25
7.865064e+02	3.021682e-25
7.883201e+02	3.027070e-25
7.901379e+02	3.032475e-25
7.919600e+02	3.037897e-25
7.937863e+02	3.043336e-25
7.956168e+02	3.048791e-25
7.974514e+02	3.054264e-25
7.992904e+02	3.059753e-25
8.011335e+02	3.065260e-25
8.029810e+02	3.070783e-25
8.048326e+02	3.076324e-25
8.066886e+02	3.081882e-25
8.085488e+02	3.087457e-25
8.104133e+02	3.093049e-25
8.122822e+02	3.098659e-25
8.141553e+02	3.104286e-25
8.160327e+02	3.109930e-25
8.179145e+02	3.115592e-25
8.198006e+02	3.121272e-25
8.216911e+02	3.126969e-25
8.235859e+02	3.132683e-25
8.254851e+02	3.138415e-25
8.273887e+02	3.144165e-25
8.292967e+02	3.149933e-25
8.312090e+02	3.155718e-25
8.331258e+02	3.161522e-25
8.350470e+02	3.167343e-25
8.369726e+02	3.173182e-25
8.389027e+02	3.179039e-25
8.408372e+02	3.184914e-25
8.427762e+02	3.190807e-25
8.447196e+02	3.196718e-25
8.466676e+02	3.202648e-25
8.486200e+02	3.208596e-25
8.505769e+02	3.214562e-25
8.525383e+02	3.220546e-25
8.545043e+02	3.226549e-25
8.564748e+02	3.232570e-25
8.584498e+02	3.238610e-25
8.604294e+02	3.244668e-25
8.624136e+02	3.250745e-25
8.644023e+02	3.256840e-25
8.663956e+02	3.262955e-25
8.683935e+02	3.269087e-25
8.703961e+02	3.275239e-25
8.724032e+02	3.281410e-25
8.744150e+02	3.287599e-25
8.764314e+02	3.293808e-25
8.784524e+02	3.300035e-25
8.804782e+02	3.306282e-25
8.825086e+02	3.312548e-25
8.845436e+02	3.318832e-25
8.865834e+02	3.325137e-25
8.886278e+02	3.331460e-25
8.906770e+02	3.337803e-25
8.927309e+02	3.344165e-25
8.947896e+02	3.350546e-25
8.968530e+02	3.356947e-25
8.989211e+02	3.363368e-25
9.009941e+02	3.369808e-25
9.030717e+02	3.376268e-25
9.051542e+02	3.382748e-25
9.072415e+02	3.389248e-25
9.093336e+02	3.395767e-25
9.114306e+02	3.402306e-25
9.135323e+02	3.408865e-25
9.156389e+02	3.415444e-25
9.177504e+02	3.422044e-25
9.198668e+02	3.428663e-25
9.219880e+02	3.435303e-25
9.241141e+02	3.441962e-25
9.262451e+02	3.448643e-25
9.283810e+02	3.455343e-25
9.305219e+02	3.462064e-25
9.326677e+02	3.468805e-25
9.348184e+02	3.475567e-25
9.369741e+02	3.482350e-25
9.391348e+02	3.489154e-25
9.413004e+02	3.495978e-25
9.434711e+02	3.502823e-25
9.456467e+02	3.509690e-25
9.478274e+02	3.516579e-25
9.500131e+02	3.523495e-25
9.522038e+02	3.530491e-25
9.543996e+02	3.537830e-25
9.566005e+02	3.544353e-25
9.588064e+02	3.551328e-25
9.610174e+02	3.558337e-25
9.632335e+02	3.565370e-25
9.654547e+02	3.572425e-25
9.676811e+02	3.579502e-25
9.699126e+02	3.586601e-25
9.721492e+02	3.593721e-25
9.743910e+02	3.600863e-25
9.766379e+02	3.608026e-25
9.788901e+02	3.615212e-25
9.811474e+02	3.622419e-25
9.834099e+02	3.629648e-25
9.856777e+02	3.636900e-25
9.879507e+02	3.644173e-25
9.902289e+02	3.651468e-25
9.925124e+02	3.658786e-25
9.948011e+02	3.666126e-25
9.970951e+02	3.673488e-25
9.993944e+02	3.680872e-25
1.001699e+03	3.688279e-25
1.004009e+03	3.695708e-25
1.006324e+03	3.703160e-25
1.008645e+03	3.710635e-25
1.010971e+03	3.718132e-25
1.013302e+03	3.725653e-25
1.015639e+03	3.733195e-25
1.017981e+03	3.740761e-25
1.020328e+03	3.748350e-25
1.022681e+03	3.755962e-25
1.025040e+03	3.763597e-25
1.027403e+03	3.771255e-25
1.029772e+03	3.778937e-25
1.032147e+03	3.786642e-25
1.034527e+03	3.794370e-25
1.036913e+03	3.802122e-25
1.039304e+03	3.809897e-25
1.041701e+03	3.817696e-25
1.044103e+03	3.825519e-25
1.046511e+03	3.833365e-25
1.048924e+03	3.841236e-25
1.051343e+03	3.849130e-25
1.053767e+03	3.857048e-25
1.056197e+03	3.864990e-25
1.058633e+03	3.872957e-25
1.061074e+03	3.880948e-25
1.063521e+03	3.888963e-25
1.065973e+03	3.897002e-25
1.068431e+03	3.905066e-25
1.070895e+03	3.913154e-25
1.073365e+03	3.921267e-25
1.075840e+03	3.929405e-25
1.078321e+03	3.937567e-25
1.080807e+03	3.945754e-25
1.083300e+03	3.953966e-25
1.085798e+03	3.962203e-25
1.088302e+03	3.970466e-25
1.090811e+03	3.978753e-25
1.093327e+03	3.987066e-25
1.095848e+03	3.995404e-25
1.098375e+03	4.003767e-25
1.100908e+03	4.012156e-25
1.103447e+03	4.020570e-25
1.105991e+03	4.029010e-25
1.108541e+03	4.037476e-25
1.111098e+03	4.045968e-25
1.113660e+03	4.054485e-25
1.116228e+03	4.063029e-25
1.118802e+03	4.071598e-25
1.121382e+03	4.080194e-25
1.123968e+03	4.088816e-25
1.126560e+03	4.097464e-25
1.129158e+03	4.106139e-25
1.131762e+03	4.114840e-25
1.134371e+03	4.123568e-25
1.136987e+03	4.132322e-25
1.139609e+03	4.141103e-25
1.142237e+03	4.149911e-25
1.144871e+03	4.158746e-25
1.147511e+03	4.167608e-25
1.150157e+03	4.176497e-25
1.152810e+03	4.185414e-25
1.155468e+03	4.194357e-25
1.158132e+03	4.203328e-25
1.160803e+03	4.212326e-25
1.163480e+03	4.221352e-25
1.166163e+03	4.230406e-25
1.168852e+03	4.239488e-25
1.171548e+03	4.248597e-25
1.174249e+03	4.257734e-25
1.176957e+03	4.266899e-25
1.179671e+03	4.276093e-25
1.182391e+03	4.285315e-25
1.185118e+03	4.294566e-25
1.187851e+03	4.303847e-25
1.190590e+03	4.313187e-25
1.193336e+03	4.322559e-25
1.196088e+03	4.331855e-25
1.198846e+03	4.341244e-25
1.201610e+03	4.350664e-25
1.204381e+03	4.360115e-25
1.207158e+03	4.369595e-25
1.209942e+03	4.379104e-25
1.212732e+03	4.388642e-25
1.215529e+03	4.398210e-25
1.218332e+03	4.407807e-25
1.221141e+03	4.417435e-25
1.223957e+03	4.427091e-25
1.226780e+03	4.436778e-25
1.229609e+03	4.446494e-25
1.232444e+03	4.456241e-25
1.235286e+03	4.466018e-25
1.238135e+03	4.475825e-25
1.240990e+03	4.485662e-25
1.243852e+03	4.495530e-25
1.246720e+03	4.505428e-25
1.249595e+03	4.515357e-25
1.252477e+03	4.525317e-25
1.255365e+03	4.535308e-25
1.258260e+03	4.545329e-25
1.261161e+03	4.555382e-25
1.264070e+03	4.565467e-25
1.266984e+03	4.575582e-25
1.269906e+03	4.585729e-25
1.272834e+03	4.595907e-25
1.275770e+03	4.606117e-25
1.278712e+03	4.616359e-25
1.281660e+03	4.626633e-25
1.284616e+03	4.636939e-25
1.287578e+03	4.647277e-25
1.290547e+03	4.657648e-25
1.293523e+03	4.668051e-25
1.296506e+03	4.678486e-25
1.299496e+03	4.688954e-25
1.302493e+03	4.699454e-25
1.305496e+03	4.709988e-25
1.308507e+03	4.720554e-25
1.311524e+03	4.731154e-25
1.314549e+03	4.741787e-25
1.317580e+03	4.752453e-25
1.320618e+03	4.763153e-25
1.323664e+03	4.773887e-25
1.326716e+03	4.784654e-25
1.329775e+03	4.795455e-25
1.332842e+03	4.806290e-25
1.335915e+03	4.817159e-25
1.338996e+03	4.828062e-25
1.342084e+03	4.839000e-25
1.345179e+03	4.849973e-25
1.348281e+03	4.860980e-25
1.351390e+03	4.872021e-25
1.354506e+03	4.883098e-25
1.357630e+03	4.894210e-25
1.360760e+03	4.905357e-25
1.363898e+03	4.916539e-25
1.367043e+03	4.927757e-25
1.370196e+03	4.939011e-25
1.373355e+03	4.950300e-25
1.376522e+03	4.961625e-25
1.379697e+03	4.972986e-25
1.382878e+03	4.984383e-25
1.386067e+03	4.995817e-25
1.389263e+03	5.007287e-25
1.392467e+03	5.018794e-25
1.395678e+03	5.030337e-25
1.398897e+03	5.041918e-25
1.402122e+03	5.053535e-25
1.405356e+03	5.065190e-25
1.408597e+03	5.076882e-25
1.411845e+03	5.088611e-25
1.415101e+03	5.100378e-25
1.418364e+03	5.112183e-25
1.421634e+03	5.124027e-25
1.424913e+03	5.135909e-25
1.428199e+03	5.147836e-25
1.431492e+03	5.159863e-25
1.434793e+03	5.171783e-25
1.438102e+03	5.183816e-25
1.441418e+03	5.195889e-25
1.444742e+03	5.208002e-25
1.448073e+03	5.220154e-25
1.451413e+03	5.232346e-25
1.454760e+03	5.244577e-25
1.458114e+03	5.256848e-25
1.461477e+03	5.269159e-25
1.464847e+03	5.281509e-25
1.468225e+03	5.293900e-25
1.471611e+03	5.306332e-25
1.475004e+03	5.318804e-25
1.478406e+03	5.331317e-25
1.481815e+03	5.343870e-25
1.485232e+03	5.356465e-25
1.488657e+03	5.369101e-25
1.492090e+03	5.381778e-25
1.495531e+03	5.394498e-25
1.498979e+03	5.407259e-25
1.502436e+03	5.420061e-25
1.505900e+03	5.432906e-25
1.509373e+03	5.445794e-25
1.512854e+03	5.458724e-25
1.516342e+03	5.471697e-25
1.519839e+03	5.484712e-25
1.523344e+03	5.497771e-25
1.526857e+03	5.510873e-25
1.530378e+03	5.524019e-25
1.533907e+03	5.537208e-25
1.537444e+03	5.550441e-25
1.540989e+03	5.563718e-25
1.544543e+03	5.577040e-25
1.548104e+03	5.590406e-25
1.551675e+03	5.603816e-25
1.555253e+03	5.617272e-25
1.558839e+03	5.630772e-25
1.562434e+03	5.644318e-25
1.566037e+03	5.657910e-25
1.569648e+03	5.671547e-25
1.573268e+03	5.685230e-25
1.576896e+03	5.698959e-25
1.580532e+03	5.712735e-25
1.584177e+03	5.726557e-25
1.587830e+03	5.740426e-25
1.591491e+03	5.754342e-25
1.595161e+03	5.768305e-25
1.598840e+03	5.782316e-25
1.602527e+03	5.796374e-25
1.606222e+03	5.810480e-25
1.609926e+03	5.824635e-25
1.613639e+03	5.838837e-25
1.617360e+03	5.853089e-25
1.621089e+03	5.867389e-25
1.624828e+03	5.881738e-25
1.628574e+03	5.896137e-25
1.632330e+03	5.910585e-25
1.636094e+03	5.925083e-25
1.639867e+03	5.939631e-25
1.643649e+03	5.954229e-25
1.647439e+03	5.968877e-25
1.651238e+03	5.983577e-25
1.655046e+03	5.998328e-25
1.658862e+03	6.013130e-25
1.662687e+03	6.027984e-25
1.666522e+03	6.042894e-25
1.670365e+03	6.057869e-25
1.674216e+03	6.072856e-25
1.678077e+03	6.087918e-25
1.681947e+03	6.103032e-25
1.685825e+03	6.118201e-25
1.689713e+03	6.133422e-25
1.693610e+03	6.148697e-25
1.697515e+03	6.164027e-25
1.701429e+03	6.179410e-25
1.705353e+03	6.194848e-25
1.709285e+03	6.210341e-25
1.713227e+03	6.225889e-25
1.717178e+03	6.241493e-25
1.721138e+03	6.257152e-25
1.725107e+03	6.272867e-25
1.729085e+03	6.288638e-25
1.733072e+03	6.304466e-25
1.737069e+03	6.320350e-25
1.741074e+03	6.336293e-25
1.745089e+03	6.352292e-25
1.749113e+03	6.368349e-25
1.753147e+03	6.384465e-25
1.757190e+03	6.400639e-25
1.761242e+03	6.416871e-25
1.765303e+03	6.433163e-25
1.769374e+03	6.449514e-25
1.773454e+03	6.465925e-25
1.777544e+03	6.482396e-25
1.781643e+03	6.498927e-25
1.785751e+03	6.515520e-25
1.789869e+03	6.532173e-25
1.793997e+03	6.548888e-25
1.798134e+03	6.565664e-25
1.802280e+03	6.582503e-25
1.806436e+03	6.599405e-25
1.810602e+03	6.616369e-25
1.814777e+03	6.633396e-25
1.818962e+03	6.650487e-25
1.823157e+03	6.667642e-25
1.827361e+03	6.684862e-25
1.831575e+03	6.702146e-25
1.835798e+03	6.719495e-25
1.840032e+03	6.736910e-25
1.844275e+03	6.754390e-25
1.848528e+03	6.771938e-25
1.852790e+03	6.789551e-25
1.857063e+03	6.807232e-25
1.861345e+03	6.824980e-25
1.865638e+03	6.842797e-25
1.869940e+03	6.860681e-25
1.874252e+03	6.878635e-25
1.878574e+03	6.896658e-25
1.882906e+03	6.914750e-25
1.887248e+03	6.932912e-25
1.891600e+03	6.951145e-25
1.895962e+03	6.969449e-25
1.900334e+03	6.987825e-25
1.904716e+03	7.006275e-25
1.909109e+03	7.024802e-25
1.913511e+03	7.043384e-25
1.917924e+03	7.062049e-25
1.922346e+03	7.080788e-25
1.926779e+03	7.099601e-25
1.931222e+03	7.118489e-25
1.935676e+03	7.137452e-25
1.940139e+03	7.156491e-25
1.944613e+03	7.175606e-25
1.949098e+03	7.194798e-25
1.953592e+03	7.214067e-25
1.958097e+03	7.233414e-25
1.962613e+03	7.252839e-25
1.967139e+03	7.272343e-25
1.971675e+03	7.291926e-25
1.976222e+03	7.311590e-25
1.980779e+03	7.331333e-25
1.985346e+03	7.351158e-25
1.989925e+03	7.371064e-25
1.994513e+03	7.391052e-25
1.999113e+03	7.411123e-25
2.003723e+03	7.431278e-25
2.008343e+03	7.451516e-25
2.012975e+03	7.471839e-25
2.017617e+03	7.492247e-25
2.022269e+03	7.512741e-25
2.026932e+03	7.533321e-25
2.031607e+03	7.553988e-25
2.036292e+03	7.574743e-25
2.040987e+03	7.595586e-25
2.045694e+03	7.616518e-25
2.050411e+03	7.637540e-25
2.055139e+03	7.658651e-25
2.059879e+03	7.679854e-25
2.064629e+03	7.701149e-25
2.069390e+03	7.722536e-25
2.074162e+03	7.744016e-25
2.078945e+03	7.765590e-25
2.083739e+03	7.787259e-25
2.088544e+03	7.809023e-25
2.093360e+03	7.830883e-25
2.098188e+03	7.852839e-25
2.103026e+03	7.874894e-25
2.107876e+03	7.897046e-25
2.112736e+03	7.919298e-25
2.117608e+03	7.941650e-25
2.122492e+03	7.964103e-25
2.127386e+03	7.986657e-25
2.132292e+03	8.009314e-25
2.137209e+03	8.032074e-25
2.142137e+03	8.054940e-25
2.147077e+03	8.077928e-25
2.152028e+03	8.100984e-25
2.156991e+03	8.124165e-25
2.161965e+03	8.147455e-25
2.166950e+03	8.170854e-25
2.171947e+03	8.194362e-25
2.176956e+03	8.217981e-25
2.181976e+03	8.241712e-25
2.187008e+03	8.265555e-25
2.192051e+03	8.289512e-25
2.197106e+03	8.313583e-25
2.202172e+03	8.337770e-25
2.207251e+03	8.362074e-25
2.212340e+03	8.386496e-25
2.217442e+03	8.411036e-25
2.222556e+03	8.435696e-25
2.227681e+03	8.460478e-25
2.232818e+03	8.485382e-25
2.237967e+03	8.510409e-25
2.243128e+03	8.535560e-25
2.248300e+03	8.560838e-25
2.253485e+03	8.586242e-25
2.258681e+03	8.611775e-25
2.263890e+03	8.637437e-25
2.269110e+03	8.663230e-25
2.274343e+03	8.689155e-25
2.279588e+03	8.715213e-25
2.284844e+03	8.741444e-25
2.290113e+03	8.767810e-25
2.295394e+03	8.794315e-25
2.300688e+03	8.820958e-25
2.305993e+03	8.847741e-25
2.311311e+03	8.874666e-25
2.316640e+03	8.901734e-25
2.321983e+03	8.928947e-25
2.327337e+03	8.956305e-25
2.332704e+03	8.983812e-25
2.338083e+03	9.011468e-25
2.343475e+03	9.039275e-25
2.348879e+03	9.067235e-25
2.354296e+03	9.095349e-25
2.359724e+03	9.123619e-25
2.365166e+03	9.152047e-25
2.370620e+03	9.180634e-25
2.376087e+03	9.209383e-25
2.381566e+03	9.238298e-25
2.387058e+03	9.267376e-25
2.392563e+03	9.296617e-25
2.398080e+03	9.326031e-25
2.403610e+03	9.355616e-25
2.409153e+03	9.385374e-25
2.414708e+03	9.415307e-25
2.420276e+03	9.445417e-25
2.425858e+03	9.475707e-25
2.431452e+03	9.506179e-25
2.437059e+03	9.536835e-25
2.442678e+03	9.567676e-25
2.448311e+03	9.598707e-25
2.453957e+03	9.629929e-25
2.459616e+03	9.661344e-25
2.465288e+03	9.692956e-25
2.470973e+03	9.724766e-25
2.476671e+03	9.756777e-25
2.482382e+03	9.788992e-25
2.488106e+03	9.821414e-25
2.493844e+03	9.854045e-25
2.499595e+03	9.886888e-25
2.505359e+03	9.919946e-25
2.511136e+03	9.953223e-25
2.516927e+03	9.986721e-25
2.522731e+03	1.002044e-24
2.528549e+03	1.005439e-24
2.534379e+03	1.008857e-24
2.540224e+03	1.012299e-24
2.546081e+03	1.015764e-24
2.551953e+03	1.019253e-24
2.557838e+03	1.022767e-24
2.563736e+03	1.026305e-24
2.569648e+03	1.029869e-24
2.575574e+03	1.033459e-24
2.581513e+03	1.037074e-24
2.587466e+03	1.040716e-24
2.593433e+03	1.044384e-24
2.599413e+03	1.048080e-24
2.605407e+03	1.051803e-24
2.611416e+03	1.055555e-24
2.617437e+03	1.059335e-24
2.623473e+03	1.063149e-24
2.629523e+03	1.066982e-24
2.635587e+03	1.070851e-24
2.641664e+03	1.074749e-24
2.647756e+03	1.078679e-24
2.653862e+03	1.082641e-24
2.659982e+03	1.086634e-24
2.666116e+03	1.090661e-24
2.672264e+03	1.094720e-24
2.678426e+03	1.098813e-24
2.684602e+03	1.102941e-24
2.690793e+03	1.107104e-24
2.696998e+03	1.111302e-24
2.703217e+03	1.115537e-24
2.709451e+03	1.119808e-24
2.715699e+03	1.124118e-24
2.721961e+03	1.128466e-24
2.728238e+03	1.132853e-24
2.734530e+03	1.137280e-24
2.740836e+03	1.141747e-24
2.747156e+03	1.146256e-24
2.753491e+03	1.150808e-24
2.759840e+03	1.155403e-24
2.766205e+03	1.160042e-24
2.772584e+03	1.164725e-24
2.778977e+03	1.169455e-24
2.785385e+03	1.174232e-24
2.791809e+03	1.179056e-24
2.798247e+03	1.183930e-24
2.804699e+03	1.188853e-24
2.811167e+03	1.193828e-24
2.817650e+03	1.198855e-24
2.824147e+03	1.203935e-24
2.830660e+03	1.209069e-24
2.837187e+03	1.214260e-24
2.843730e+03	1.219507e-24
2.850287e+03	1.224813e-24
2.856860e+03	1.230179e-24
2.863448e+03	1.235606e-24
2.870051e+03	1.241095e-24
2.876670e+03	1.246649e-24
2.883303e+03	1.252269e-24
2.889952e+03	1.257956e-24
2.896616e+03	1.263712e-24
2.903296e+03	1.269539e-24
2.909991e+03	1.275439e-24
2.916702e+03	1.281414e-24
2.923427e+03	1.287464e-24
2.930169e+03	1.293594e-24
2.936926e+03	1.299804e-24
2.943698e+03	1.306097e-24
2.950487e+03	1.312475e-24
2.957290e+03	1.318940e-24
2.964110e+03	1.325495e-24
2.970945e+03	1.332143e-24
2.977796e+03	1.338886e-24
2.984663e+03	1.345727e-24
2.991546e+03	1.352668e-24
2.998444e+03	1.359713e-24
3.005359e+03	1.366865e-24
3.012289e+03	1.374127e-24
3.019235e+03	1.381502e-24
3.026198e+03	1.388994e-24
3.033176e+03	1.396607e-24
3.040171e+03	1.404344e-24
3.047181e+03	1.412210e-24
3.054208e+03	1.420208e-24
3.061251e+03	1.428343e-24
3.068311e+03	1.436619e-24
3.075386e+03	1.445042e-24
3.082478e+03	1.453616e-24
3.089586e+03	1.462346e-24
3.096711e+03	1.471239e-24
3.103852e+03	1.480299e-24
3.111009e+03	1.489532e-24
3.118183e+03	1.498946e-24
3.125374e+03	1.508546e-24
3.132581e+03	1.518339e-24
3.139805e+03	1.528334e-24
3.147045e+03	1.538536e-24
3.154302e+03	1.548955e-24
3.161576e+03	1.559599e-24
3.168867e+03	1.570476e-24
3.176174e+03	1.581597e-24
3.183499e+03	1.592970e-24
3.190840e+03	1.604607e-24
3.198198e+03	1.616518e-24
3.205573e+03	1.628715e-24
3.212965e+03	1.641210e-24
3.220374e+03	1.654016e-24
3.227800e+03	1.667146e-24
3.235244e+03	1.680616e-24
3.242704e+03	1.694439e-24
3.250182e+03	1.708634e-24
3.257677e+03	1.723215e-24
3.265189e+03	1.738203e-24
3.272718e+03	1.753616e-24
3.280265e+03	1.769474e-24
3.287830e+03	1.785799e-24
3.295412e+03	1.802615e-24
3.303011e+03	1.819945e-24
3.310628e+03	1.837817e-24
3.318262e+03	1.856257e-24
3.325914e+03	1.875296e-24
3.333583e+03	1.894966e-24
3.341271e+03	1.915300e-24
3.348976e+03	1.936333e-24
3.356698e+03	1.958106e-24
3.364439e+03	1.980659e-24
3.372197e+03	2.004035e-24
3.379974e+03	2.028283e-24
3.387768e+03	2.053453e-24
3.395580e+03	2.079598e-24
3.403410e+03	2.106777e-24
3.411259e+03	2.135052e-24
3.419125e+03	2.164489e-24
3.427010e+03	2.195161e-24
3.434912e+03	2.227142e-24
3.442833e+03	2.260515e-24
3.450772e+03	2.295369e-24
3.458730e+03	2.331796e-24
3.466706e+03	2.369897e-24
3.474700e+03	2.409780e-24
3.482713e+03	2.451558e-24
3.490744e+03	2.495353e-24
3.498794e+03	2.541294e-24
3.506862e+03	2.589517e-24
3.514949e+03	2.640164e-24
3.523054e+03	2.693384e-24
3.531178e+03	2.749331e-24
3.539321e+03	2.808160e-24
3.547483e+03	2.870031e-24
3.555664e+03	2.935096e-24
3.563863e+03	3.003503e-24
3.572081e+03	3.075383e-24
3.580318e+03	3.150843e-24
3.588575e+03	3.229954e-24
3.596850e+03	3.312738e-24
3.605144e+03	3.399143e-24
3.613458e+03	3.489021e-24
3.621791e+03	3.582099e-24
3.630142e+03	3.677937e-24
3.638514e+03	3.775891e-24
3.646904e+03	3.875062e-24
3.655314e+03	3.974250e-24
3.663743e+03	4.071913e-24
3.672191e+03	4.166132e-24
3.680660e+03	4.254612e-24
3.689147e+03	4.334716e-24
3.697654e+03	4.403559e-24
3.706181e+03	4.458162e-24
3.714728e+03	4.495671e-24
3.723294e+03	4.513627e-24
3.731880e+03	4.510236e-24
3.740486e+03	4.484608e-24
3.749111e+03	4.436898e-24
3.757757e+03	4.368318e-24
3.766422e+03	4.281021e-24
3.775108e+03	4.177867e-24
3.783813e+03	4.062135e-24
3.792538e+03	3.937226e-24
3.801284e+03	3.806415e-24
3.810050e+03	3.672664e-24
3.818836e+03	3.538510e-24
3.827642e+03	3.406024e-24
3.836469e+03	3.276824e-24
3.845316e+03	3.152106e-24
3.854183e+03	3.032703e-24
3.863071e+03	2.919151e-24
3.871979e+03	2.811745e-24
3.880908e+03	2.710598e-24
3.889857e+03	2.615684e-24
3.898827e+03	2.526877e-24
3.907818e+03	2.443979e-24
3.916829e+03	2.366750e-24
3.925862e+03	2.294919e-24
3.934915e+03	2.228199e-24
3.943989e+03	2.166299e-24
3.953084e+03	2.108931e-24
3.962199e+03	2.055812e-24
3.971336e+03	2.006668e-24
3.980494e+03	1.961239e-24
3.989673e+03	1.919276e-24
3.998873e+03	1.880547e-24
4.008095e+03	1.844829e-24
4.017338e+03	1.811918e-24
4.026602e+03	1.781618e-24
4.035887e+03	1.753751e-24
4.045194e+03	1.728147e-24
4.054522e+03	1.704658e-24
4.063872e+03	1.683112e-24
4.073243e+03	1.663399e-24
4.082636e+03	1.645385e-24
4.092051e+03	1.628952e-24
4.101487e+03	1.613991e-24
4.110945e+03	1.600402e-24
4.120425e+03	1.588089e-24
4.129927e+03	1.576967e-24
4.139450e+03	1.566953e-24
4.148996e+03	1.557973e-24
4.158563e+03	1.549958e-24
4.168153e+03	1.542841e-24
4.177765e+03	1.536565e-24
4.187399e+03	1.531071e-24
4.197055e+03	1.526309e-24
4.206734e+03	1.522231e-24
4.216434e+03	1.518792e-24
4.226157e+03	1.515951e-24
4.235903e+03	1.513669e-24
4.245671e+03	1.511910e-24
4.255462e+03	1.510641e-24
4.265275e+03	1.509832e-24
4.275110e+03	1.509453e-24
4.284969e+03	1.509478e-24
4.294850e+03	1.509883e-24
4.304754e+03	1.510643e-24
4.314681e+03	1.511738e-24
4.324630e+03	1.513148e-24
4.334603e+03	1.514854e-24
4.344599e+03	1.516839e-24
4.354617e+03	1.519087e-24
4.364659e+03	1.521582e-24
4.374724e+03	1.524312e-24
4.384812e+03	1.527262e-24
4.394924e+03	1.530421e-24
4.405058e+03	1.533777e-24
4.415216e+03	1.537320e-24
4.425398e+03	1.541041e-24
4.435603e+03	1.544929e-24
4.445832e+03	1.548976e-24
4.456084e+03	1.553175e-24
4.466359e+03	1.557517e-24
4.476659e+03	1.561997e-24
4.486982e+03	1.566606e-24
4.497329e+03	1.571340e-24
4.507700e+03	1.576193e-24
4.518095e+03	1.581159e-24
4.528514e+03	1.586234e-24
4.538956e+03	1.591412e-24
4.549423e+03	1.596689e-24
4.559914e+03	1.602062e-24
4.570429e+03	1.607526e-24
4.580969e+03	1.613079e-24
4.591533e+03	1.618716e-24
4.602121e+03	1.624435e-24
4.612733e+03	1.630232e-24
4.623370e+03	1.636106e-24
4.634032e+03	1.642053e-24
4.644718e+03	1.648071e-24
4.655429e+03	1.654158e-24
4.666164e+03	1.660312e-24
4.676924e+03	1.666532e-24
4.687709e+03	1.672814e-24
4.698519e+03	1.679158e-24
4.709354e+03	1.685562e-24
4.720214e+03	1.692024e-24
4.731099e+03	1.698544e-24
4.742009e+03	1.705120e-24
4.752944e+03	1.711750e-24
4.763904e+03	1.718434e-24
4.774890e+03	1.725171e-24
4.785900e+03	1.731960e-24
4.796937e+03	1.738800e-24
4.807999e+03	1.745690e-24
4.819086e+03	1.752629e-24
4.830199e+03	1.759618e-24
4.841337e+03	1.766654e-24
4.852501e+03	1.773739e-24
4.863691e+03	1.780870e-24
4.874907e+03	1.788048e-24
4.886149e+03	1.795273e-24
4.897416e+03	1.802543e-24
4.908710e+03	1.809860e-24
4.920029e+03	1.817221e-24
4.931375e+03	1.824628e-24
4.942747e+03	1.832080e-24
4.954145e+03	1.839577e-24
4.965569e+03	1.847119e-24
4.977019e+03	1.854705e-24
4.988497e+03	1.862336e-24
5.000000e+03	1.870011e-24
