5.000000000000000888e+00 8.039054875161016000e-24
5.034693157380139006e+00 7.784632764301914380e-24
5.069627037794075974e+00 7.540885401498626541e-24
5.104803311530234922e+00 7.307186210701951740e-24
5.140223660466546995e+00 7.082957558272452324e-24
5.175889778150882137e+00 6.867666124971280796e-24
5.211803369882009207e+00 6.660818781817265211e-24
5.247966152791137873e+00 6.461958906665264116e-24
5.284379855924021818e+00 6.270663089797241122e-24
5.321046220323622400e+00 6.086538180982378263e-24
5.357966999113356721e+00 5.909218638835627370e-24
5.395143957580921246e+00 5.738364147599325612e-24
5.432578873262690955e+00 5.573657470712508808e-24
5.470273536028714467e+00 5.414802514831661427e-24
5.508229748168283813e+00 5.261522581498181361e-24
5.546449324476114384e+00 5.113558784849123007e-24
5.584934092339116418e+00 4.970668619299070817e-24
5.623685891823758887e+00 4.832624659718373627e-24
5.662706575764059558e+00 4.699213381194915194e-24
5.701998009850164806e+00 4.570234085773033838e-24
5.741562072717556475e+00 4.445497925375219036e-24
5.781400656036880470e+00 4.324827010582603796e-24
5.821515664604382856e+00 4.208053598189136210e-24
5.861909016432995223e+00 4.095019348305657348e-24
5.902582642844026672e+00 3.984636392466913297e-24
5.943538488559517496e+00 3.876849242729501785e-24
5.984778511795218137e+00 3.772503510249786684e-24
6.026304684354212071e+00 3.671466076941449333e-24
6.068118991721204836e+00 3.573610566778902894e-24
6.110223433157442763e+00 3.478816903076326196e-24
6.152620021796308514e+00 3.386970899907612972e-24
6.195310784739581855e+00 3.297963885352580853e-24
6.238297763154347919e+00 3.211692353782469376e-24
6.281583012370603569e+00 3.128057643996768333e-24
6.325168601979518357e+00 3.046965641961434738e-24
6.369056615932393584e+00 2.968326505375253045e-24
6.413249152640303485e+00 2.892054408463986808e-24
6.457748325074419427e+00 2.818067305877516954e-24
6.502556260867045523e+00 2.746286712700542010e-24
6.547675102413337278e+00 2.676637501476335163e-24
6.593107006973743189e+00 2.609047712327056007e-24
6.638854146777149801e+00 2.543448377546577184e-24
6.684918709124731961e+00 2.478972570691883310e-24
6.731302896494550936e+00 2.416366455339114059e-24
6.778008926646843513e+00 2.355589424988716854e-24
6.825039032730071398e+00 2.296582401335010134e-24
6.872395463387687364e+00 2.239288585354944270e-24
6.920080482865659022e+00 2.183653342839321626e-24
6.968096371120712895e+00 2.129624097438421202e-24
7.016445423929364544e+00 2.077150230782592428e-24
7.065129952997670770e+00 2.026182988472593675e-24
7.114152286071764308e+00 1.976675393059695682e-24
7.163514767049155907e+00 1.928582161464391039e-24
7.213219756090789581e+00 1.881859628192088598e-24
7.263269629733905219e+00 1.836465672788568406e-24
7.313666781005652595e+00 1.792359652080423427e-24
7.364413619537513611e+00 1.749502336240065057e-24
7.415512571680523024e+00 1.707855848479019433e-24
7.466966080621261881e+00 1.667383608611209379e-24
7.518776606498691173e+00 1.628050278978728735e-24
7.570946626521762646e+00 1.589821714572448732e-24
7.623478635087869826e+00 1.552664914822799976e-24
7.676375143902114395e+00 1.516547978353028320e-24
7.729638682097387914e+00 1.481440060514177855e-24
7.783271796355308858e+00 1.447311332196720085e-24
7.837277051027977670e+00 1.414132941479611947e-24
7.891657028260587126e+00 1.381876976916215929e-24
7.946414328114890679e+00 1.350516432575076405e-24
8.001551568693503924e+00 1.320025174698588352e-24
8.057071386265098667e+00 1.290377909802168093e-24
8.112976435390438112e+00 1.261550154524301559e-24
8.169269389049306440e+00 1.233518206617100717e-24
8.225952938768314127e+00 1.206259117077395864e-24
8.283029794749570129e+00 1.179750663510878526e-24
8.340502686000293764e+00 1.153971324991979003e-24
8.398374360463268573e+00 1.128900257088207134e-24
8.456647585148241220e+00 1.104517269000095096e-24
8.515325146264222766e+00 1.080802800506041737e-24
8.574409849352699453e+00 1.057737900579203781e-24
8.633904519421777835e+00 1.035304206310375550e-24
8.693812001081255403e+00 1.013483923063148233e-24
8.754135158678622020e+00 9.922598048531773388e-25
8.814876876436029463e+00 9.716151359662520305e-25
8.876040058588174020e+00 9.515337127874762679e-25
8.937627629521175621e+00 9.319998265909169952e-25
8.999642533912386000e+00 9.129982466377970056e-25
9.062087736871186294e+00 8.945142042344304530e-25
9.124966224080763411e+00 8.765333770213562465e-25
9.188281001940856285e+00 8.590418738795055108e-25
9.252035097711509337e+00 8.420262204885483731e-25
9.316231559657802919e+00 8.254733452917183402e-25
9.380873457195605170e+00 8.093705658344893369e-25
9.445963881038332843e+00 7.937055756819583488e-25
9.511505943344722880e+00 7.784664318347281267e-25
9.577502777867637818e+00 7.636415423880206117e-25
9.643957540103892612e+00 7.492196548802357047e-25
9.710873407445131278e+00 7.351898446382835788e-25
9.778253579329746259e+00 7.215415040006445735e-25
9.846101277395861828e+00 7.082643313870139429e-25
9.914419745635354886e+00 6.953483213753472839e-25
9.983212250548969990e+00 6.827837544442913942e-25
1.005248208130249488e+01 6.708883911355869405e-25
1.012223254988401777e+01 6.594098095283011028e-25
1.019246699126231981e+01 6.482319312778127658e-25
1.026318876354625864e+01 6.373469152532037134e-25
1.033440124814541505e+01 6.267471388205754372e-25
1.040610784993169524e+01 6.164251902328779541e-25
1.047831199740216412e+01 6.063738620667968097e-25
1.055101714284298176e+01 5.965861440845460918e-25
1.062422676249441267e+01 5.870552168562026165e-25
1.069794435671711241e+01 5.777744454450790288e-25
1.077217345015942129e+01 5.687373733243348255e-25
1.084691759192592109e+01 5.599377165676482841e-25
1.092218035574714108e+01 5.513693581910656897e-25
1.099796534015037253e+01 5.430263427896147703e-25
1.107427616863180120e+01 5.349028712878825841e-25
1.115111648982969150e+01 5.269932958900143721e-25
1.122848997769887447e+01 5.192921154428425616e-25
1.130640033168639569e+01 5.117939705791669193e-25
1.138485127690839782e+01 5.044936394246769913e-25
1.146384656432824833e+01 4.973860332640721222e-25
1.154338997093584673e+01 4.904661924414029498e-25
1.162348529992824453e+01 4.837292824298171549e-25
1.170413638089146957e+01 4.771705900126988215e-25
1.178534706998363824e+01 4.707855197128569413e-25
1.186712125011933594e+01 4.645695902436516734e-25
1.194946283115524999e+01 4.585184312320400897e-25
1.203237575007712579e+01 4.526277799004897204e-25
1.211586397118800207e+01 4.468934781221067798e-25
1.219993148629774993e+01 4.413114693897596238e-25
1.228458231491395480e+01 4.358777960260707346e-25
1.236982050443406855e+01 4.305885964087994157e-25
1.245565013033894708e+01 4.254401024606591045e-25
1.254207529638770424e+01 4.204286370927574843e-25
1.262910013481392113e+01 4.155506117937484875e-25
1.271672880652324622e+01 4.108025244004767243e-25
1.280496550129229583e+01 4.061809568456356697e-25
1.289381443796900939e+01 4.016825730470872009e-25
1.298327986467436013e+01 3.973041168873082144e-25
1.307336605900545834e+01 3.930424102843609584e-25
1.316407732824010424e+01 3.888943512714205504e-25
1.325541800954269256e+01 3.848569122238437500e-25
1.334739247017160935e+01 3.809271380979915732e-25
1.344000510768803558e+01 3.771021447795668380e-25
1.353326035016620388e+01 3.733791174767412588e-25
1.362716265640514379e+01 3.697553091327480385e-25
1.372171651614182508e+01 3.662280389859927112e-25
1.381692645026585531e+01 3.627946910515965594e-25
1.391279701103562694e+01 3.594527127414521582e-25
1.400933278229597434e+01 3.561996135423575702e-25
1.410653837969735847e+01 3.530329636274268633e-25
1.420441845091651878e+01 3.499503926458204125e-25
1.430297767587871505e+01 3.469495884353487215e-25
1.440222076698148790e+01 3.440282958324390437e-25
1.450215246931995594e+01 3.411843154657922022e-25
1.460277756091373114e+01 3.384155026793541204e-25
1.470410085293531743e+01 3.357197663148019563e-25
1.480612718994017740e+01 3.330950677032895826e-25
1.490886145009836561e+01 3.305394195258377270e-25
1.501230854542774473e+01 3.280508848230322812e-25
1.511647342202888744e+01 3.256275759099631648e-25
1.522136106032151126e+01 3.232676534299292403e-25
1.532697647528264007e+01 3.209693253037555184e-25
1.543332471668636963e+01 3.187308457989197793e-25
1.554041086934531712e+01 3.165505145526464205e-25
1.564824005335375823e+01 3.144266756415530502e-25
1.575681742433239485e+01 3.123577166527286122e-25
1.586614817367488683e+01 3.103420677636445238e-25
1.597623752879606585e+01 3.083782008474351410e-25
1.608709075338185457e+01 3.064646285869941086e-25
1.619871314764099068e+01 3.045999036075466817e-25
1.631111004855834778e+01 3.027826176000601241e-25
1.642428683015022273e+01 3.010114004740241087e-25
1.653824890372121104e+01 2.992849195318590203e-25
1.665300171812294039e+01 2.976018786215883578e-25
1.676855076001465861e+01 2.959610173246554318e-25
1.688490155412545590e+01 2.943611101608497974e-25
1.700205966351853704e+01 2.928009657710284596e-25
1.712003068985712417e+01 2.912794261556519846e-25
1.723882027367231728e+01 2.897953658795972854e-25
1.735843409463281262e+01 2.883476913117218315e-25
1.747887787181637265e+01 2.869353398918623812e-25
1.760015736398340280e+01 2.855572793556866859e-25
1.772227836985217664e+01 2.842125070284788919e-25
1.784524672837614645e+01 2.829000490855564228e-25
1.796906831902314394e+01 2.816189598574040906e-25
1.809374906205639988e+01 2.803683211200183758e-25
1.821929491881772734e+01 2.791472414077110421e-25
1.834571189201246710e+01 2.779548553440569195e-25
1.847300602599650787e+01 2.767903229621241184e-25
1.860118340706534568e+01 2.756528290527989710e-25
1.873025016374496232e+01 2.745415825396059274e-25
1.886021246708499532e+01 2.734558158187328642e-25
1.899107653095367709e+01 2.723947841511510430e-25
1.912284861233499456e+01 2.713577650622524928e-25
1.925553501162785963e+01 2.703440577253315545e-25
1.938914207294728342e+01 2.693529823891852532e-25
1.952367618442780639e+01 2.683838797943156464e-25
1.965914377852884698e+01 2.674361106206818890e-25
1.979555133234229203e+01 2.665090549230181398e-25
1.993290536790221168e+01 2.656021115970153577e-25
2.007121245249660646e+01 2.647146978500299911e-25
2.021047919898153822e+01 2.638462486865652789e-25
2.035071226609719020e+01 2.629962163957186583e-25
2.049191835878630386e+01 2.621640700590631668e-25
2.063410422851477577e+01 2.613492950711523221e-25
2.077727667359437191e+01 2.605513926608005072e-25
2.092144253950791111e+01 2.597698794343980882e-25
2.106660871923644152e+01 2.590042869256207633e-25
2.121278215358888275e+01 2.582541611520698270e-25
2.135996983153390261e+01 2.575190621904053498e-25
2.150817879053397164e+01 2.567985637580505998e-25
2.165741611688200052e+01 2.560922528027234203e-25
2.180768894604002384e+01 2.553997291094834375e-25
2.195900446298042752e+01 2.547206049103230198e-25
2.211136990252950341e+01 2.540545045104849702e-25
2.226479254971327393e+01 2.534010639167291982e-25
2.241927974010593871e+01 2.527599304868734051e-25
2.257483886018050612e+01 2.521307625753307984e-25
2.273147734766199335e+01 2.515132292008884800e-25
2.288920269188310286e+01 2.509070097136701528e-25
2.304802243414216534e+01 2.503117934764325097e-25
2.320794416806389648e+01 2.497272795558462553e-25
2.336897553996231380e+01 2.491531764169383330e-25
2.353112424920640322e+01 2.485892016305995897e-25
2.369439804858827614e+01 2.480350815922172079e-25
2.385880474469372459e+01 2.474905512366960749e-25
2.402435219827565405e+01 2.469553537785708026e-25
2.419104832462978294e+01 2.464292404439759345e-25
2.435890109397316294e+01 2.459119702210232916e-25
2.452791853182525017e+01 2.454033096111275202e-25
2.469810871939160180e+01 2.449030323940955301e-25
2.486947979395032249e+01 2.444109193918869361e-25
2.504203994924105814e+01 2.439267582483420286e-25
2.521579743585680333e+01 2.434503432102204662e-25
2.539076056163837691e+01 2.429814749117851863e-25
2.556693769207162603e+01 2.425199601786918353e-25
2.574433725068747236e+01 2.420656118210758198e-25
2.592296771946456246e+01 2.416182484481540719e-25
2.610283763923488465e+01 2.411776942755029798e-25
2.628395561009211789e+01 2.407437789497820789e-25
2.646633029180280161e+01 2.403163373717897793e-25
2.664997040422045060e+01 2.398952095256026909e-25
2.683488472770237721e+01 2.394802403180140690e-25
2.702108210352958650e+01 2.390712794159169826e-25
2.720857143432946046e+01 2.386681810946665068e-25
2.739736168450142983e+01 2.382708040885142298e-25
2.758746188064564109e+01 2.378790114462149813e-25
2.777888111199438370e+01 2.374926703925453782e-25
2.797162853084689971e+01 2.371116521907125783e-25
2.816571335300678314e+01 2.367358320143884961e-25
2.836114485822271192e+01 2.363650888186274823e-25
2.855793239063217115e+01 2.359993052188252112e-25
2.875608535920806474e+01 2.356383673718464014e-25
2.895561323820880162e+01 2.352821648615312070e-25
2.915652556763112102e+01 2.349305905869298569e-25
2.935883195366627163e+01 2.345835406560951799e-25
2.956254206915940230e+01 2.342409142810780355e-25
2.976766565407184473e+01 2.339026136784967469e-25
2.997421251594705538e+01 2.335685439714276334e-25
3.018219253037934635e+01 2.332386130958503538e-25
3.039161564148614758e+01 2.329127317100467707e-25
3.060249186238350916e+01 2.325908131058620562e-25
3.081483127566470870e+01 2.322727731246455035e-25
3.102864403388251446e+01 2.319585300742280243e-25
3.124394036003446828e+01 2.316480046497487473e-25
3.146073054805171409e+01 2.313411198568147891e-25
3.167902496329126549e+01 2.310378009370403453e-25
3.189883404303140679e+01 2.307379752959118823e-25
3.212016829697096654e+01 2.304415724341684715e-25
3.234303830773163213e+01 2.301485238786783130e-25
3.256745473136400904e+01 2.298587631203358537e-25
3.279342829785717583e+01 2.295722255485542883e-25
3.302096981165151846e+01 2.292888483919599408e-25
3.325009015215560737e+01 2.290085706591543744e-25
3.348080027426610883e+01 2.287313330820963389e-25
3.371311120889170354e+01 2.284570780614233296e-25
3.394703406348055807e+01 2.281857496128266829e-25
3.418258002255118555e+01 2.279172933162392717e-25
3.441976034822749142e+01 2.276516562661839557e-25
3.465858638077703091e+01 2.273887870236279960e-25
3.489906953915329524e+01 2.271286355695977267e-25
3.514122132154175659e+01 2.268711532608259591e-25
3.538505330590944453e+01 2.266162927858985118e-25
3.563057715055874297e+01 2.263640081235994666e-25
3.587780459468464045e+01 2.261142545025360597e-25
3.612674745893606598e+01 2.258669883617644884e-25
3.637741764598116134e+01 2.256221673131231690e-25
3.662982714107614868e+01 2.253797501046651279e-25
3.688398801263866744e+01 2.251396965852168472e-25
3.713991241282458589e+01 2.249019676701491544e-25
3.739761257810909711e+01 2.246665253085274823e-25
3.765710082987187235e+01 2.244333324510786831e-25
3.791838957498595164e+01 2.242023530189693021e-25
3.818149130641122468e+01 2.239735518745105132e-25
3.844641860379156384e+01 2.237468947919222888e-25
3.871318413405634118e+01 2.235223484295629428e-25
3.898180065202618039e+01 2.232998803027415531e-25
3.925228100102253848e+01 2.230794587579193048e-25
3.952463811348211919e+01 2.228610529471193453e-25
3.979888501157492442e+01 2.226446328040136936e-25
4.007503480782702354e+01 2.224301690197993871e-25
4.035310070574752928e+01 2.222176330208243699e-25
4.063309600045972303e+01 2.220069969462908448e-25
4.091503407933696224e+01 2.217982336270320441e-25
4.119892842264259514e+01 2.215913165648063556e-25
4.148479260417452963e+01 2.213862199125310182e-25
4.177264029191434958e+01 2.211829184546467740e-25
4.206248524868058780e+01 2.209813875890608976e-25
4.235434133278702973e+01 2.207816033085154275e-25
4.264822249870512394e+01 2.205835421834298151e-25
4.294414279773126708e+01 2.203871813450451168e-25
4.324211637865862912e+01 2.201924984690610666e-25
4.354215748845361134e+01 2.199994717598973547e-25
4.384428047293715025e+01 2.198080799353337732e-25
4.414849977747045529e+01 2.196183022119609486e-25
4.445482994764580553e+01 2.194301182906532053e-25
4.476328562998200056e+01 2.192435083429657090e-25
4.507388157262457895e+01 2.190584529977325908e-25
4.538663262605113857e+01 2.188749333280124398e-25
4.570155374378115454e+01 2.186929308387992442e-25
4.601865998309111916e+01 2.185124274548496885e-25
4.633796650573440701e+01 2.183334055089250412e-25
4.665948857866618482e+01 2.181558477305679849e-25
4.698324157477347285e+01 2.179797372352085388e-25
4.730924097361000236e+01 2.178050575133653984e-25
4.763750236213646616e+01 2.176317924206452789e-25
4.796804143546572874e+01 2.174599261677451987e-25
4.830087399761322331e+01 2.172894433107753597e-25
4.863601596225270640e+01 2.171203287421786828e-25
4.897348335347697201e+01 2.169525676815409678e-25
4.931329230656412221e+01 2.167861456671010690e-25
4.965545906874899629e+01 2.166210485472403620e-25
4.999999999999999289e+01 2.164572624723508944e-25
5.034693157380139894e+01 2.162947738870327662e-25
5.069627037794075619e+01 2.161335695224672382e-25
5.104803311530231724e+01 2.159736363890360962e-25
5.140223660466548239e+01 2.158149617691401619e-25
5.175889778150880716e+01 2.156575332104653628e-25
5.211803369882010628e+01 2.155013385191306102e-25
5.247966152791137517e+01 2.153463657533500485e-25
5.284379855924019154e+01 2.151926032171522415e-25
5.321046220323622578e+01 2.150400394543036473e-25
5.357966999113354944e+01 2.148886632424891866e-25
5.395143957580922489e+01 2.147384635876785485e-25
5.432578873262691133e+01 2.145894297185824024e-25
5.470273536028711447e+01 2.144415510814022554e-25
5.508229748168283635e+01 2.142948173346684701e-25
5.546449324476112963e+01 2.141492183443144385e-25
5.584934092339118195e+01 2.140047441788265201e-25
5.623685891823758709e+01 2.138613851046090579e-25
5.662706575764056538e+01 2.137191315815189700e-25
5.701998009850164806e+01 2.135779742584678846e-25
5.741562072717555054e+01 2.134379039692400900e-25
5.781400656036881713e+01 2.132989117284092984e-25
5.821515664604383034e+01 2.131609887273745668e-25
5.861909016432991848e+01 2.130241263305876491e-25
5.902582642844026850e+01 2.128883160718299848e-25
5.943538488559515542e+01 2.127535496506482421e-25
5.984778511795219202e+01 2.126198189288847270e-25
6.026304684354212071e+01 2.124871159273690554e-25
6.068118991721201638e+01 2.123554328226732835e-25
6.110223433157442230e+01 2.122247619439831186e-25
6.152620021796307270e+01 2.120950957700386031e-25
6.195310784739583454e+01 2.119664269262690304e-25
6.238297763154347564e+01 2.118387481819185405e-25
6.281583012370606411e+01 2.117120524473535942e-25
6.325168601979518002e+01 2.115863327713731122e-25
6.369056615932391452e+01 2.114615823386700955e-25
6.413249152640305795e+01 2.113377944673697918e-25
6.457748325074419427e+01 2.112149626066361403e-25
6.502556260867048366e+01 2.110930803343605027e-25
6.547675102413337811e+01 2.109721413549293712e-25
6.593107006973741591e+01 2.108521394970727550e-25
6.638854146777151755e+01 2.107330687117827287e-25
6.684918709124731606e+01 2.106149230702925923e-25
6.731302896494554489e+01 2.104976967621571877e-25
6.778008926646843690e+01 2.103813840933599396e-25
6.825039032730067845e+01 2.102659794845010333e-25
6.872395463387690029e+01 2.101514774690757741e-25
6.920080482865657245e+01 2.100378726917688353e-25
6.968096371120716981e+01 2.099251599068253717e-25
7.016445423929364722e+01 2.098133339765049233e-25
7.065129952997666862e+01 2.097023898695585530e-25
7.114152286071765730e+01 2.095923226597649889e-25
7.163514767049153420e+01 2.094831275245575458e-25
7.213219756090792600e+01 2.093747997436391543e-25
7.263269629733905219e+01 2.092673346977106226e-25
7.313666781005647977e+01 2.091607278672151995e-25
7.364413619537515387e+01 2.090549748311045806e-25
7.415512571680521603e+01 2.089500712657445969e-25
7.466966080621266144e+01 2.088460129437502353e-25
7.518776606498691706e+01 2.087427957329376122e-25
7.570946626521758560e+01 2.086404155953187418e-25
7.623478635087872135e+01 2.085388685860893716e-25
7.676375143902112086e+01 2.084381508527247695e-25
7.729638682097392177e+01 2.083382586340381813e-25
7.783271796355309391e+01 2.082391882593598203e-25
7.837277051027973584e+01 2.081409361476858287e-25
7.891657028260588902e+01 2.080434988069098892e-25
7.946414328114889258e+01 2.079468728330787613e-25
8.001551568693507477e+01 2.078510549096375306e-25
8.057071386265099022e+01 2.077560418068141278e-25
8.112976435390434915e+01 2.076618303809098074e-25
8.169269389049308927e+01 2.075684175737442319e-25
8.225952938768311640e+01 2.074758004120344339e-25
8.283029794749575103e+01 2.073839760068542728e-25
8.340502686000294830e+01 2.072929415531376505e-25
8.398374360463265020e+01 2.072026943291748853e-25
8.456647585148242285e+01 2.071132316961454995e-25
8.515325146264220280e+01 2.070245510977263564e-25
8.574409849352703361e+01 2.069366500596477282e-25
8.633904519421778900e+01 2.068495261893605300e-25
8.693812001081251140e+01 2.067631771756717326e-25
8.754135158678624862e+01 2.066776007884145355e-25
8.814876876436026976e+01 2.065927948782003880e-25
8.876040058588178283e+01 2.065087573761272970e-25
8.937627629521176686e+01 2.064254862935358426e-25
8.999642533912381737e+01 2.063429797218064286e-25
9.062087736871187360e+01 2.062612358321805016e-25
9.124966224080760924e+01 2.061802528755798878e-25
9.188281001940860904e+01 2.061000291824782690e-25
9.252035097711508627e+01 2.060205631627719013e-25
9.316231559657798300e+01 2.059418533057156286e-25
9.380873457195606591e+01 2.058638981798248715e-25
9.445963881038331067e+01 2.057866964328255535e-25
9.511505943344727143e+01 2.057102467916811700e-25
9.577502777867637462e+01 2.056345480625186537e-25
9.643957540103887993e+01 2.055595991307147231e-25
9.710873407445130567e+01 2.054853989608892705e-25
9.778253579329744127e+01 2.054119465969945109e-25
9.846101277395865736e+01 2.053392411624065424e-25
9.914419745635355241e+01 2.052672818600086868e-25
9.983212250548965017e+01 2.051960679723304135e-25
1.005248208130249452e+02 2.051255988617081209e-25
1.012223254988401777e+02 2.050558739704366415e-25
1.019246699126232016e+02 2.049868928209580794e-25
1.026318876354625900e+02 2.049186550160898369e-25
1.033440124814540866e+02 2.048511602392412093e-25
1.040610784993169489e+02 2.047844082546680902e-25
1.047831199740216306e+02 2.047183989077386748e-25
1.055101714284298140e+02 2.046531321252342208e-25
1.062422676249441338e+02 2.045886079156504301e-25
1.069794435671710602e+02 2.045248263695411197e-25
1.077217345015942129e+02 2.044617876598295212e-25
1.084691759192592002e+02 2.043994920422600427e-25
1.092218035574714037e+02 2.043379398556846346e-25
1.099796534015037253e+02 2.042771315225679082e-25
1.107427616863179480e+02 2.042170675493410231e-25
1.115111648982969115e+02 2.041577485269065078e-25
1.122848997769886807e+02 2.040991751310846253e-25
1.130640033168639604e+02 2.040413481230906886e-25
1.138485127690839818e+02 2.039842683500769359e-25
1.146384656432825437e+02 2.039279367456393936e-25
1.154338997093584709e+02 2.038723543303659506e-25
1.162348529992823813e+02 2.038175222124291796e-25
1.170413638089146957e+02 2.037634415881337220e-25
1.178534706998363788e+02 2.037101137425834964e-25
1.186712125011934233e+02 2.036575400502684352e-25
1.194946283115525034e+02 2.036057219757278353e-25
1.203237575007711939e+02 2.035546610742617622e-25
1.211586397118800136e+02 2.035043589925448089e-25
1.219993148629774993e+02 2.034548174694229074e-25
1.228458231491396191e+02 2.034060383366223897e-25
1.236982050443406962e+02 2.033580235194893791e-25
1.245565013033894104e+02 2.033107750377997099e-25
1.254207529638770353e+02 2.032642950065447181e-25
1.262910013481392184e+02 2.032185856367764951e-25
1.271672880652325262e+02 2.031736492364424659e-25
1.280496550129229547e+02 2.031294882112771805e-25
1.289381443796900157e+02 2.030861050656683228e-25
1.298327986467436119e+02 2.030435024036288351e-25
1.307336605900545976e+02 2.030016829297251684e-25
1.316407732824011134e+02 2.029606494500088617e-25
1.325541800954269434e+02 2.029204048731018536e-25
1.334739247017160153e+02 2.028809522111543961e-25
1.344000510768803451e+02 2.028422945809273350e-25
1.353326035016620494e+02 2.028044352049021494e-25
1.362716265640515019e+02 2.027673774123515921e-25
1.372171651614182508e+02 2.027311246405211998e-25
1.381692645026584785e+02 2.026956804357952131e-25
1.391279701103562729e+02 2.026610484549298817e-25
1.400933278229597363e+02 2.026272324662618585e-25
1.410653837969736628e+02 2.025942363510485389e-25
1.420441845091651771e+02 2.025620641047518291e-25
1.430297767587870794e+02 2.025307198384438949e-25
1.440222076698148612e+02 2.025002077801758553e-25
1.450215246931995523e+02 2.024705322765036517e-25
1.460277756091373931e+02 2.024416977939246311e-25
1.470410085293531779e+02 2.024137089205028504e-25
1.480612718994017030e+02 2.023865703674615730e-25
1.490886145009836525e+02 2.023602869709204747e-25
1.501230854542774296e+02 2.023348636935937968e-25
1.511647342202889490e+02 2.023103056266869562e-25
1.522136106032151304e+02 2.022866179917980217e-25
1.532697647528263190e+02 2.022638061429497585e-25
1.543332471668637140e+02 2.022418755687347903e-25
1.554041086934531677e+02 2.022208318945461458e-25
1.564824005335376569e+02 2.022006808849897544e-25
1.575681742433239378e+02 2.021814284464478502e-25
1.586614817367487831e+02 2.021630806297856167e-25
1.597623752879606513e+02 2.021456436333155677e-25
1.608709075338185528e+02 2.021291238059694996e-25
1.619871314764099282e+02 2.021135276507895944e-25
1.631111004855834778e+02 2.020988618287148897e-25
1.642428683015021704e+02 2.020851331627947135e-25
1.653824890372121104e+02 2.020723486428472010e-25
1.665300171812293968e+02 2.020605154307255550e-25
1.676855076001465932e+02 2.020496408662218284e-25
1.688490155412545448e+02 2.020397324737890533e-25
1.700205966351852851e+02 2.020307979703555458e-25
1.712003068985712559e+02 2.020228452742595130e-25
1.723882027367231728e+02 2.020158825158318999e-25
1.735843409463281262e+02 2.020099180498416375e-25
1.747887787181637407e+02 2.020049604703441335e-25
1.760015736398339357e+02 2.020010186286112809e-25
1.772227836985217664e+02 2.019981016549985456e-25
1.784524672837614503e+02 2.019962189857305336e-25
1.796906831902314536e+02 2.019953803963156120e-25
1.809374906205640059e+02 2.019955960434734046e-25
1.821929491881772094e+02 2.019968765184642845e-25
1.834571189201246852e+02 2.019992329155497059e-25
1.847300602599650858e+02 2.020026769212350925e-25
1.860118340706534639e+02 2.020072209316962355e-25
1.873025016374496374e+02 2.020128782097604577e-25
1.886021246708498609e+02 2.020196630975776710e-25
1.899107653095367994e+02 2.020275913093659487e-25
1.912284861233499385e+02 2.020366803410993397e-25
1.925553501162786176e+02 2.020469500546280239e-25
1.938914207294728271e+02 2.020584235273903039e-25
1.952367618442779644e+02 2.020711283166532211e-25
1.965914377852884911e+02 2.020850983883742102e-25
1.979555133234229061e+02 2.021003771449396000e-25
1.993290536790221097e+02 2.021170223342854044e-25
2.007121245249660717e+02 2.021351143129446786e-25
2.021047919898154817e+02 2.021547705747819049e-25
2.035071226609719020e+02 2.021761726532999049e-25
2.049191835878630457e+02 2.021996191421122864e-25
2.063410422851477790e+02 2.022256385387779824e-25
2.077727667359437476e+02 2.022552539589611578e-25
2.092144253950791892e+02 2.022906887734339185e-25
2.106660871923644152e+02 2.023376111729898201e-25
2.121278215358888133e+02 2.024144371766187983e-25
2.135996983153390261e+02 2.026133013304099689e-25
2.150817879053397235e+02 2.043751403739363145e-25
2.165741611688201260e+02 2.059879838234980908e-25
2.180768894604002526e+02 2.027406878899560796e-25
2.195900446298042823e+02 2.025671828641458519e-25
2.211136990252950341e+02 2.025486231809005459e-25
2.226479254971327464e+02 2.025638371332388440e-25
2.241927974010595221e+02 2.025912781505216021e-25
2.257483886018050612e+02 2.026247481959171045e-25
2.273147734766199335e+02 2.026619408830713599e-25
2.288920269188310215e+02 2.027018475787167620e-25
2.304802243414216605e+02 2.027439766836675020e-25
2.320794416806390643e+02 2.027880703348071924e-25
2.336897553996231522e+02 2.028339868796919557e-25
2.353112424920640535e+02 2.028816469275101051e-25
2.369439804858827756e+02 2.029310065346935774e-25
2.385880474469372530e+02 2.029820429929629048e-25
2.402435219827566755e+02 2.030347468865231828e-25
2.419104832462978152e+02 2.030891174507083109e-25
2.435890109397315086e+02 2.031451597551256730e-25
2.452791853182525017e+02 2.032028829373394542e-25
2.469810871939160108e+02 2.032622990635818827e-25
2.486947979395033599e+02 2.033234223755475341e-25
2.504203994924105814e+02 2.033862687816939945e-25
2.521579743585679125e+02 2.034508555070002893e-25
2.539076056163837620e+02 2.035172008479997137e-25
2.556693769207162745e+02 2.035853239990579778e-25
2.574433725068748231e+02 2.036552449275312518e-25
2.592296771946456033e+02 2.037269842835040646e-25
2.610283763923487186e+02 2.038005633338018954e-25
2.628395561009211860e+02 2.038760039137189698e-25
2.646633029180280232e+02 2.039533283916426763e-25
2.664997040422045984e+02 2.040325596432092661e-25
2.683488472770237649e+02 2.041137210325715936e-25
2.702108210352957371e+02 2.041968363991568509e-25
2.720857143432946259e+02 2.042819300484624697e-25
2.739736168450143055e+02 2.043690267461574591e-25
2.758746188064563967e+02 2.044581517146061790e-25
2.777888111199438299e+02 2.045493306313954598e-25
2.797162853084688550e+02 2.046425896294969672e-25
2.816571335300678243e+02 2.047379552985474583e-25
2.836114485822271263e+02 2.048354546873438829e-25
2.855793239063216902e+02 2.049351153070734904e-25
2.875608535920806617e+02 2.050369651352658559e-25
2.895561323820878670e+02 2.051410326203995780e-25
2.915652556763112102e+02 2.052473466869406264e-25
2.935883195366627092e+02 2.053559367408789212e-25
2.956254206915940017e+02 2.054668326756447418e-25
2.976766565407184544e+02 2.055800648783181849e-25
2.997421251594703904e+02 2.056956642362058940e-25
3.018219253037934777e+02 2.058136621436444859e-25
3.039161564148614616e+02 2.059340905090956004e-25
3.060249186238351058e+02 2.060569817624546968e-25
3.081483127566470444e+02 2.061823688625812896e-25
3.102864403388250025e+02 2.063102853050603560e-25
3.124394036003446899e+02 2.064407651301357985e-25
3.146073054805171409e+02 2.065738429308830225e-25
3.167902496329126620e+02 2.067095538615211518e-25
3.189883404303140537e+02 2.068479336459394944e-25
3.212016829697095091e+02 2.069890185864017341e-25
3.234303830773163213e+02 2.071328455724515632e-25
3.256745473136401188e+02 2.072794520899475728e-25
3.279342829785717299e+02 2.074288762303414165e-25
3.302096981165151988e+02 2.075811567001078463e-25
3.325009015215558748e+02 2.077363328303781641e-25
3.348080027426610741e+02 2.078944445867454979e-25
3.371311120889170638e+02 2.080555325792599476e-25
3.394703406348055523e+02 2.082196380726705386e-25
3.418258002255118981e+02 2.083868029968033675e-25
3.441976034822747579e+02 2.085570699572647079e-25
3.465858638077702949e+02 2.087304822462383392e-25
3.489906953915329382e+02 2.089070838536499877e-25
3.514122132154175802e+02 2.090869194785415666e-25
3.538505330590944027e+02 2.092700345407434669e-25
3.563057715055872450e+02 2.094564751928910487e-25
3.587780459468463619e+02 2.096462883327725667e-25
3.612674745893606314e+02 2.098395216161831547e-25
3.637741764598115992e+02 2.100362234702024016e-25
3.662982714107614584e+02 2.102364431071596379e-25
3.688398801263868449e+02 2.104402305393585634e-25
3.713991241282458873e+02 2.106476365947570560e-25
3.739761257810910138e+02 2.108587129340274065e-25
3.765710082987187093e+02 2.110735120693223044e-25
3.791838957498594596e+02 2.112920873854402573e-25
3.818149130641124316e+02 2.115144931644971508e-25
3.844641860379156242e+02 2.117407846155696903e-25
3.871318413405634260e+02 2.119710179117905135e-25
3.898180065202618039e+02 2.122052502389293508e-25
3.925228100102253848e+02 2.124435398621032028e-25
3.952463811348213767e+02 2.126859462220665465e-25
3.979888501157492442e+02 2.129325300815493159e-25
4.007503480782701786e+02 2.131833537597205460e-25
4.035310070574753354e+02 2.134384815289838374e-25
4.063309600045972161e+02 2.136979803276253073e-25
4.091503407933698213e+02 2.139619211272544578e-25
4.119892842264259230e+02 2.142303817676511487e-25
4.148479260417452679e+02 2.145034534161973749e-25
4.177264029191435384e+02 2.147812571773364783e-25
4.206248524868058780e+02 2.150639943886590455e-25
4.235434133278704962e+02 2.153521399610808619e-25
4.264822249870512110e+02 2.156475452202959672e-25
4.294414279773124008e+02 2.159684432874446815e-25
4.324211637865862485e+02 2.168077664593943558e-25
4.354215748845361418e+02 2.165596581780272149e-25
4.384428047293717441e+02 2.168617688055685924e-25
4.414849977747045386e+02 2.171766390709260033e-25
4.445482994764578280e+02 2.174980992948349978e-25
4.476328562998199914e+02 2.178253092045418872e-25
4.507388157262458321e+02 2.181581054651827104e-25
4.538663262605115847e+02 2.184964824273225716e-25
4.570155374378115312e+02 2.188404850884326549e-25
4.601865998309110068e+02 2.191901786839448540e-25
4.633796650573440843e+02 2.195456380929867940e-25
4.665948857866619051e+02 2.199069435821004581e-25
4.698324157477349559e+02 2.202741789067161392e-25
4.730924097361000236e+02 2.206474303954325137e-25
4.763750236213644484e+02 2.210267864822945112e-25
4.796804143546572732e+02 2.214123374585788197e-25
4.830087399761322331e+02 2.218041753387995606e-25
4.863601596225273056e+02 2.222023937892811646e-25
4.897348335347697343e+02 2.226070880925052155e-25
4.931329230656409663e+02 2.230183551328247952e-25
4.965545906874899629e+02 2.234362933953286170e-25
4.999999999999999432e+02 2.238610029730838613e-25
5.034693157380134494e+02 2.242925855799442425e-25
5.069627037794076045e+02 2.247311445671281072e-25
5.104803311530232008e+02 2.251767849424911231e-25
5.140223660466548381e+02 2.256296133916631366e-25
5.175889778150880147e+02 2.260897383007295203e-25
5.211803369882004517e+02 2.265572697800361273e-25
5.247966152791137802e+02 2.270323196889207281e-25
5.284379855924019012e+02 2.275150016612559978e-25
5.321046220323622720e+02 2.280054311316527084e-25
5.357966999113355087e+02 2.285037253623289585e-25
5.395143957580917231e+02 2.290100034705427677e-25
5.432578873262691559e+02 2.295243864565443217e-25
5.470273536028711305e+02 2.300469972321208325e-25
5.508229748168283777e+02 2.305779606496353817e-25
5.546449324476112679e+02 2.311174035316004290e-25
5.584934092339112794e+02 2.316654547008895793e-25
5.623685891823758993e+02 2.322222450114566471e-25
5.662706575764057106e+02 2.327879073798056612e-25
5.701998009850165090e+02 2.333625768171543642e-25
5.741562072717555338e+02 2.339463904625540878e-25
5.781400656036876171e+02 2.345394876171317647e-25
5.821515664604382891e+02 2.351420097798058560e-25
5.861909016432991848e+02 2.357541006851215646e-25
5.902582642844026850e+02 2.363759063441323713e-25
5.943538488559515827e+02 2.370075750901417794e-25
5.984778511795212808e+02 2.376492576322974549e-25
6.026304684354212213e+02 2.383011071231359119e-25
6.068118991721202065e+02 2.389632792515905648e-25
6.110223433157442514e+02 2.396359323864678390e-25
6.152620021796307128e+02 2.403192278266001289e-25
6.195310784739577912e+02 2.410133302974381618e-25
6.238297763154347422e+02 2.417184090813029590e-25
6.281583012370599590e+02 2.424346410224262064e-25
6.325168601979518144e+02 2.431622202603891940e-25
6.369056615932391878e+02 2.439014002434614492e-25
6.413249152640298689e+02 2.446527939088891125e-25
6.457748325074419427e+02 2.454262665029445777e-25
6.502556260867041829e+02 2.461961103594638516e-25
6.547675102413337527e+02 2.469761139193403454e-25
6.593107006973741591e+02 2.477745685977556306e-25
6.638854146777144933e+02 2.485860293742958064e-25
6.684918709124732459e+02 2.494103556628268159e-25
6.731302896494547667e+02 2.502476787565833811e-25
6.778008926646843975e+02 2.510981780865780717e-25
6.825039032730068129e+02 2.519620480772012345e-25
6.872395463387682639e+02 2.528394903442955964e-25
6.920080482865656677e+02 2.537307113157165587e-25
6.968096371120709591e+02 2.546359213819371985e-25
7.016445423929365006e+02 2.555553345668041475e-25
7.065129952997667715e+02 2.564891684010572928e-25
7.114152286071758908e+02 2.574376438836711199e-25
7.163514767049153988e+02 2.584009854847264543e-25
7.213219756090785495e+02 2.593794211694371070e-25
7.263269629733905504e+02 2.603731824337629912e-25
7.313666781005648545e+02 2.613825043467946832e-25
7.364413619537507429e+02 2.624076255974265633e-25
7.415512571680520750e+02 2.634487885438888419e-25
7.466966080621258470e+02 2.645062392654299134e-25
7.518776606498690853e+02 2.655802276157227837e-25
7.570946626521758844e+02 2.666710072776517398e-25
7.623478635087872135e+02 2.677788358194663576e-25
7.676375143902112086e+02 2.689039747521833707e-25
7.729638682097383935e+02 2.700466895882261142e-25
7.783271796355309107e+02 2.712072499014316286e-25
7.837277051027973584e+02 2.723859293885282799e-25
7.891657028260589186e+02 2.735830059323804778e-25
7.946414328114889258e+02 2.747987616674159110e-25
8.001551568693499803e+02 2.760334830482369020e-25
8.057071386265098454e+02 2.772874609229851222e-25
8.112976435390434062e+02 2.785609906149391751e-25
8.169269389049309211e+02 2.798543720196681479e-25
8.225952938768310787e+02 2.811679097351436376e-25
8.283029794749566008e+02 2.825019132692377386e-25
8.340502686000294261e+02 2.838566974551574852e-25
8.398374360463265020e+02 2.852325835231503986e-25
8.456647585148242570e+02 2.866299027739483024e-25
8.515325146264220848e+02 2.880490149803353540e-25
8.574409849352695119e+02 2.894904952058908888e-25
8.633904519421778332e+02 2.912622833162404024e-25
8.693812001081250855e+02 2.924403777743498919e-25
8.754135158678624293e+02 2.939493881447311088e-25
8.814876876436027260e+02 2.954822002741474201e-25
8.876040058588170041e+02 2.970388840377297891e-25
8.937627629521176686e+02 2.986197708012023414e-25
8.999642533912381168e+02 3.002252230441693514e-25
9.062087736871186507e+02 3.018556142531584657e-25
9.124966224080760639e+02 3.035113252606970500e-25
9.188281001940850956e+02 3.051927433359483820e-25
9.252035097711509479e+02 3.069002619443019803e-25
9.316231559657798016e+02 3.086342807134907146e-25
9.380873457195606306e+02 3.103952054753108909e-25
9.445963881038330783e+02 3.121834483395037701e-25
9.511505943344717480e+02 3.139994277834187419e-25
9.577502777867638315e+02 3.158435687504627215e-25
9.643957540103887141e+02 3.177163027545661026e-25
9.710873407445130852e+02 3.196180679890204021e-25
9.778253579329743843e+02 3.215493094393308605e-25
9.846101277395855504e+02 3.235104789996957639e-25
9.914419745635356094e+02 3.255020355931973433e-25
9.983212250548965585e+02 3.275244452959909623e-25
1.005248208130249395e+03 3.295781814659174690e-25
1.012223254988401777e+03 3.316637248765573065e-25
1.019246699126230965e+03 3.337815638586719627e-25
1.026318876354625900e+03 3.359321944532252786e-25
1.033440124814540923e+03 3.381161205865429438e-25
1.040610784993169545e+03 3.403338542964823386e-25
1.047831199740216334e+03 3.425859161041243989e-25
1.055101714284297032e+03 3.448728359122516112e-25
1.062422676249441338e+03 3.471951565480139948e-25
1.069794435671710517e+03 3.495534608700592469e-25
1.077217345015942101e+03 3.519497793681373731e-25
1.084691759192592144e+03 3.543801756262149265e-25
1.092218035574712985e+03 3.568493433786565442e-25
1.099796534015037196e+03 3.593569330145264753e-25
1.107427616863179537e+03 3.619033411999161948e-25
1.115111648982969200e+03 3.644891532774133137e-25
1.122848997769886864e+03 3.671149768016969669e-25
1.130640033168638411e+03 3.697814318115803516e-25
1.138485127690839818e+03 3.724891494788123880e-25
1.146384656432824158e+03 3.752387719889790201e-25
1.154338997093584794e+03 3.780309527151237309e-25
1.162348529992823842e+03 3.808663564944762238e-25
1.170413638089145707e+03 3.837456599609904071e-25
1.178534706998363845e+03 3.866695519221278024e-25
1.186712125011933040e+03 3.896387337803895433e-25
1.194946283115524921e+03 3.926539200049879377e-25
1.203237575007711939e+03 3.957158386627843428e-25
1.211586397118798914e+03 3.988252320209097424e-25
1.219993148629774851e+03 4.019828572373498617e-25
1.228458231491394827e+03 4.051894871613951982e-25
1.236982050443406933e+03 4.084459112734080270e-25
1.245565013033894047e+03 4.117529368061875778e-25
1.254207529638769074e+03 4.151113901166970968e-25
1.262910013481392070e+03 4.185221184522324456e-25
1.271672880652324011e+03 4.219859925966260609e-25
1.280496550129229490e+03 4.255039135938117628e-25
1.289381443796900385e+03 4.290768920805410764e-25
1.298327986467434812e+03 4.327059787343903851e-25
1.307336605900545919e+03 4.363912603176193995e-25
1.316407732824009827e+03 4.401348725044472274e-25
1.325541800954269320e+03 4.439375277262632207e-25
1.334739247017160324e+03 4.478003664933286972e-25
1.344000510768802087e+03 4.517246197673455227e-25
1.353326035016620381e+03 4.557116239525863530e-25
1.362716265640513711e+03 4.597628530067272450e-25
1.372171651614182565e+03 4.638799667240633143e-25
1.381692645026584842e+03 4.680648833866373360e-25
1.391279701103562729e+03 4.723198917120559655e-25
1.400933278229597590e+03 4.766478285628298431e-25
1.410653837969735150e+03 4.810523709416341932e-25
1.420441845091651885e+03 4.855385353316877242e-25
1.430297767587870794e+03 4.901135726016773031e-25
1.440222076698148840e+03 4.947886639827015950e-25
1.450215246931995580e+03 4.995823609127666916e-25
1.460277756091372339e+03 5.045281765823863505e-25
1.470410085293531665e+03 5.096932569788355932e-25
1.480612718994017087e+03 5.152314601172253907e-25
1.490886145009836582e+03 5.215688437886105900e-25
1.501230854542774523e+03 5.302966189166707263e-25
1.511647342202888012e+03 5.521280596450657558e-25
1.522136106032151247e+03 1.326617291870250917e-24
1.532697647528263133e+03 5.786337303684298107e-25
1.543332471668637027e+03 5.522941028473388628e-25
1.554041086934531677e+03 5.527357991878160861e-25
1.564824005335374977e+03 5.566193395023976117e-25
1.575681742433239378e+03 5.614922850034208842e-25
1.586614817367487831e+03 5.667924699267098369e-25
1.597623752879606627e+03 5.723367807528937624e-25
1.608709075338185585e+03 5.780521274381141439e-25
1.619871314764097406e+03 5.839053400232797057e-25
1.631111004855834835e+03 5.898801111625866562e-25
1.642428683015021534e+03 5.959680968377878171e-25
1.653824890372120990e+03 6.021650526483272253e-25
1.665300171812294138e+03 6.084689972878064788e-25
1.676855076001464113e+03 6.148792744157696657e-25
1.688490155412545391e+03 6.213960445608363534e-25
1.700205966351852794e+03 6.280199964842720080e-25
1.712003068985712616e+03 6.347521786234870717e-25
1.723882027367231785e+03 6.415941021025839602e-25
1.735843409463279386e+03 6.485465918467996060e-25
1.747887787181637350e+03 6.556119139693873641e-25
1.760015736398339186e+03 6.627916211337833190e-25
1.772227836985217436e+03 6.700875399575661285e-25
1.784524672837614617e+03 6.775015912141199174e-25
1.796906831902312661e+03 6.850357722107777097e-25
1.809374906205639945e+03 6.926921507265842790e-25
1.821929491881772037e+03 7.004728615268210422e-25
1.834571189201246852e+03 7.083801044706426325e-25
1.847300602599651029e+03 7.164161438027859922e-25
1.860118340706532763e+03 7.245833084009493936e-25
1.873025016374496317e+03 7.328839928572758946e-25
1.886021246708498438e+03 7.413206593560917796e-25
1.899107653095367823e+03 7.498958403961147247e-25
1.912284861233499214e+03 7.586121425644930211e-25
1.925553501162784187e+03 7.674722526184190049e-25
1.938914207294728385e+03 7.764790440777852443e-25
1.952367618442779758e+03 7.856350602223757822e-25
1.965914377852884854e+03 7.949435762331012823e-25
1.979555133234229061e+03 8.044075877136619671e-25
1.993290536790218994e+03 8.140303111247331938e-25
2.007121245249660660e+03 8.238151356873732101e-25
2.021047919898152713e+03 8.337656597050574815e-25
2.035071226609719133e+03 8.438857527326953126e-25
2.049191835878630627e+03 8.541796524774361312e-25
2.063410422851475687e+03 8.646521208151737341e-25
2.077727667359437419e+03 8.753087057132007555e-25
2.092144253950789789e+03 8.861562031132493152e-25
2.106660871923644208e+03 8.972035205906442514e-25
2.121278215358888247e+03 9.084634119904505682e-25
2.135996983153388101e+03 9.199562887129261909e-25
2.150817879053397064e+03 9.317196419310363473e-25
2.165741611688199100e+03 9.438352080724941348e-25
2.180768894604002526e+03 9.565286300172146761e-25
2.195900446298042880e+03 9.707043861793755693e-25
2.211136990252948181e+03 9.946290546412790656e-25
2.226479254971327464e+03 1.200078366772486670e-24
2.241927974010592607e+03 1.007335909990528983e-24
2.257483886018050725e+03 1.017479052261440775e-24
2.273147734766199392e+03 1.030263286267315824e-24
2.288920269188307884e+03 1.043621731396420771e-24
2.304802243414216719e+03 1.057296784127836018e-24
2.320794416806388199e+03 1.071234167148574236e-24
2.336897553996231636e+03 1.085421155304225995e-24
2.353112424920640478e+03 1.099856460081522617e-24
2.369439804858825028e+03 1.114542597234360259e-24
2.385880474469372530e+03 1.129483229795815771e-24
2.402435219827564197e+03 1.144682859660563196e-24
2.419104832462978266e+03 1.160145955060634935e-24
2.435890109397314973e+03 1.175877054566612018e-24
2.452791853182522573e+03 1.191880644621328858e-24
2.469810871939159824e+03 1.208161106693367683e-24
2.486947979395030870e+03 1.224722675302506988e-24
2.504203994924105700e+03 1.241569396674804991e-24
2.521579743585678898e+03 1.258705083645410711e-24
2.539076056163837620e+03 1.276133264286512734e-24
2.556693769207162859e+03 1.293857122536480180e-24
2.574433725068745844e+03 1.311879430742104332e-24
2.592296771946456374e+03 1.330202491181063322e-24
2.610283763923487186e+03 1.348827900673061378e-24
2.628395561009212088e+03 1.367756749654775530e-24
2.646633029180280118e+03 1.386989179011090577e-24
2.664997040422043483e+03 1.406524395333562178e-24
2.683488472770237877e+03 1.426360472539926307e-24
2.702108210352957030e+03 1.446494158432275013e-24
2.720857143432946032e+03 1.466920652120466767e-24
2.739736168450142941e+03 1.487633347765295801e-24
2.758746188064561011e+03 1.508623539815104958e-24
2.777888111199438299e+03 1.529880084506929271e-24
2.797162853084688322e+03 1.551389023428753693e-24
2.816571335300678584e+03 1.573133071880558258e-24
2.836114485822271490e+03 1.595091238607868202e-24
2.855793239063214060e+03 1.617238122973322347e-24
2.875608535920806389e+03 1.639543300481233134e-24
2.895561323820878897e+03 1.661970564980111639e-24
2.915652556763111988e+03 1.684477072528763577e-24
2.935883195366627206e+03 1.707012377479296911e-24
2.956254206915937175e+03 1.729517350381519105e-24
2.976766565407184771e+03 1.751922975437592164e-24
2.997421251594703790e+03 1.774148985678583354e-24
3.018219253037934777e+03 1.796109892796189048e-24
3.039161564148614616e+03 1.817676091512936489e-24
3.060249186238348102e+03 1.838746669313156071e-24
3.081483127566470557e+03 1.859173101655835159e-24
3.102864403388249684e+03 1.878794643823082350e-24
3.124394036003446672e+03 1.897429036765228288e-24
3.146073054805171523e+03 1.914870750455771115e-24
3.167902496329123551e+03 1.930889431884145235e-24
3.189883404303140651e+03 1.945228705976903868e-24
3.212016829697095091e+03 1.957605518128827772e-24
3.234303830773163099e+03 1.967711296351634872e-24
3.256745473136400960e+03 1.975207842197071122e-24
3.279342829785714002e+03 1.979740352436145154e-24
3.302096981165152101e+03 1.980931030331162667e-24
3.325009015215558520e+03 1.978390447735934518e-24
3.348080027426610741e+03 1.971724789961551891e-24
3.371311120889170525e+03 1.960546491034232955e-24
3.394703406348052340e+03 1.944487183074890329e-24
3.418258002255118754e+03 1.923212707282444646e-24
3.441976034822747806e+03 1.896439674184226638e-24
3.465858638077703290e+03 1.863952631269180513e-24
3.489906953915329723e+03 1.825621097813397819e-24
3.514122132154172050e+03 1.781414585256856695e-24
3.538505330590944141e+03 1.731414838219691141e-24
3.563057715055871995e+03 1.675823771211788069e-24
3.587780459468463505e+03 1.614966347798735178e-24
3.612674745893606541e+03 1.549288091430847920e-24
3.637741764598112240e+03 1.479347599997448206e-24
3.662982714107614811e+03 1.405814309181335612e-24
3.688398801263864698e+03 1.329409102368151437e-24
3.713991241282458759e+03 1.250982421859203418e-24
3.739761257810910138e+03 1.171411674129193254e-24
3.765710082987183341e+03 1.091641250197328097e-24
3.791838957498594937e+03 1.012675149852614618e-24
3.818149130641120337e+03 9.355882744391374724e-25
3.844641860379156242e+03 8.615480057608597645e-25
3.871318413405634146e+03 7.918443045432266585e-25
3.898180065202614060e+03 7.279209505879098860e-25
3.925228100102254302e+03 6.713909170521953537e-25
3.952463811348209674e+03 6.240022155646246878e-25
3.979888501157492556e+03 5.875089240761931569e-25
4.007503480782701899e+03 5.634136358207876159e-25
4.035310070574748806e+03 5.526178208025074189e-25
4.063309600045972275e+03 5.551268449987858542e-25
4.091503407933694234e+03 5.699955551672461459e-25
4.119892842264259343e+03 5.955650484256546317e-25
4.148479260417452679e+03 6.298632616558697773e-25
4.177264029191431291e+03 6.709519587153912615e-25
4.206248524868058666e+03 7.171382301431393494e-25
4.235434133278700756e+03 7.670463019836949573e-25
4.264822249870511769e+03 8.196067873326834864e-25
4.294414279773124690e+03 8.740105610610857935e-25
4.324211637865858393e+03 9.296554103060613046e-25
4.354215748845361304e+03 9.860979741787597049e-25
4.384428047293712552e+03 1.043014654936571849e-24
4.414849977747045159e+03 1.100171418732384296e-24
4.445482994764578507e+03 1.157401025798508474e-24
4.476328562998200141e+03 1.214586052773906412e-24
4.507388157262457753e+03 1.271646279251955579e-24
4.538663262605111413e+03 1.328529311146911614e-24
4.570155374378115084e+03 1.385203588746580238e-24
4.601865998309110182e+03 1.441653145165278099e-24
4.633796650573441184e+03 1.497873662333704815e-24
4.665948857866618710e+03 1.553869489345224974e-24
4.698324157477344670e+03 1.609651376901151107e-24
4.730924097361000349e+03 1.665234754176661521e-24
4.763750236213644712e+03 1.720638396586502205e-24
4.796804143546572959e+03 1.775883451383077614e-24
4.830087399761322558e+03 1.830992646498997749e-24
4.863601596225267713e+03 1.885989738572242847e-24
4.897348335347696775e+03 1.940899106700516943e-24
4.931329230656409891e+03 1.995745500262242007e-24
4.965545906874899629e+03 2.050553951345128239e-24
4.999999999999999091e+03 2.105349914050817021e-24
