# freq[Hz], sqrt(Sn)
1.000000e+00	3.495952e-17
1.003076e+00	3.544544e-17
1.006161e+00	3.579773e-17
1.009256e+00	3.614015e-17
1.012360e+00	3.650461e-17
1.015474e+00	3.671643e-17
1.018598e+00	3.687116e-17
1.021731e+00	3.688365e-17
1.024873e+00	3.683473e-17
1.028026e+00	3.680078e-17
1.031188e+00	3.658734e-17
1.034360e+00	3.608500e-17
1.037541e+00	3.563602e-17
1.040733e+00	3.518883e-17
1.043934e+00	3.469602e-17
1.047145e+00	3.437178e-17
1.050366e+00	3.388885e-17
1.053596e+00	3.315732e-17
1.056837e+00	3.247002e-17
1.060088e+00	3.171265e-17
1.063348e+00	3.087957e-17
1.066619e+00	3.020205e-17
1.069900e+00	2.950508e-17
1.073191e+00	2.911697e-17
1.076492e+00	3.573220e-17
1.079803e+00	2.759465e-17
1.083124e+00	2.642176e-17
1.086456e+00	2.575776e-17
1.089797e+00	2.492043e-17
1.093149e+00	2.389165e-17
1.096512e+00	2.331972e-17
1.099885e+00	2.220391e-17
1.103268e+00	2.103154e-17
1.106661e+00	1.988662e-17
1.110065e+00	1.879923e-17
1.113479e+00	1.772562e-17
1.116904e+00	1.669190e-17
1.120340e+00	1.566561e-17
1.123786e+00	1.437254e-17
1.127242e+00	1.317514e-17
1.130710e+00	1.213941e-17
1.134188e+00	1.093111e-17
1.137676e+00	9.931230e-18
1.141175e+00	9.038374e-18
1.144686e+00	8.068517e-18
1.148206e+00	7.289683e-18
1.151738e+00	6.594412e-18
1.155281e+00	5.874120e-18
1.158834e+00	5.303630e-18
1.162399e+00	4.814385e-18
1.165974e+00	4.319635e-18
1.169561e+00	3.923491e-18
1.173158e+00	3.569648e-18
1.176766e+00	3.217209e-18
1.180386e+00	2.931534e-18
1.184017e+00	2.675203e-18
1.187658e+00	2.422259e-18
1.191312e+00	2.214608e-18
1.194976e+00	2.027426e-18
1.198651e+00	1.843852e-18
1.202338e+00	1.691321e-18
1.206036e+00	1.553222e-18
1.209746e+00	1.418367e-18
1.213467e+00	1.308939e-18
1.217200e+00	1.219849e-18
1.220943e+00	1.131914e-18
1.224699e+00	1.058021e-18
1.228466e+00	9.904736e-19
1.232244e+00	9.238888e-19
1.236035e+00	8.675685e-19
1.239837e+00	8.159593e-19
1.243650e+00	7.651350e-19
1.247475e+00	7.219917e-19
1.251313e+00	6.824175e-19
1.255161e+00	6.434715e-19
1.259022e+00	6.104435e-19
1.262895e+00	5.801852e-19
1.266779e+00	5.504172e-19
1.270676e+00	5.268461e-19
1.274584e+00	5.097498e-19
1.278504e+00	4.926848e-19
1.282437e+00	4.795083e-19
1.286382e+00	4.680370e-19
1.290338e+00	4.565883e-19
1.294307e+00	4.491314e-19
1.298288e+00	4.434321e-19
1.302282e+00	4.377417e-19
1.306287e+00	4.370351e-19
1.310305e+00	4.385221e-19
1.314336e+00	4.399877e-19
1.318378e+00	4.496042e-19
1.322433e+00	4.627899e-19
1.326501e+00	4.758617e-19
1.330581e+00	5.079220e-19
1.334674e+00	5.474934e-19
1.338779e+00	5.862703e-19
1.342897e+00	7.121099e-19
1.347028e+00	8.687750e-19
1.351171e+00	1.012881e-18
1.355327e+00	1.291847e-18
1.359496e+00	1.559760e-18
1.363677e+00	1.746922e-18
1.367872e+00	1.597828e-18
1.372079e+00	1.204909e-18
1.376299e+00	6.448356e-19
1.380533e+00	3.786656e-19
1.384779e+00	3.006582e-19
1.389038e+00	2.222048e-19
1.393311e+00	1.773759e-19
1.397596e+00	1.487349e-19
1.401895e+00	1.201802e-19
1.406207e+00	1.014647e-19
1.410533e+00	8.748048e-20
1.414871e+00	7.356313e-20
1.419223e+00	6.373009e-20
1.423588e+00	5.588164e-20
1.427967e+00	4.807538e-20
1.432359e+00	4.229493e-20
1.436765e+00	3.751004e-20
1.441185e+00	3.275243e-20
1.445617e+00	2.911474e-20
1.450064e+00	2.603370e-20
1.454524e+00	2.297098e-20
1.458998e+00	2.056440e-20
1.463486e+00	1.847093e-20
1.467987e+00	1.639695e-20
1.472502e+00	1.474436e-20
1.477032e+00	1.330757e-20
1.481575e+00	1.188465e-20
1.486132e+00	1.073495e-20
1.490703e+00	9.726834e-21
1.495288e+00	8.728819e-21
1.499888e+00	7.913310e-21
1.504501e+00	7.193485e-21
1.509129e+00	6.481164e-21
1.513770e+00	5.893656e-21
1.518427e+00	5.372352e-21
1.523097e+00	4.856721e-21
1.527782e+00	4.427426e-21
1.532481e+00	4.043471e-21
1.537195e+00	3.664233e-21
1.541923e+00	3.346860e-21
1.546666e+00	3.063176e-21
1.551423e+00	2.783169e-21
1.556195e+00	2.547497e-21
1.560982e+00	2.336264e-21
1.565783e+00	2.127945e-21
1.570599e+00	1.951749e-21
1.575430e+00	1.793483e-21
1.580276e+00	1.637569e-21
1.585137e+00	1.505143e-21
1.590012e+00	1.386004e-21
1.594903e+00	1.268796e-21
1.599809e+00	1.169651e-21
1.604729e+00	1.081954e-21
1.609665e+00	9.954985e-22
1.614616e+00	9.215887e-22
1.619583e+00	8.548937e-22
1.624564e+00	7.892767e-22
1.629561e+00	7.330496e-22
1.634574e+00	6.823078e-22
1.639601e+00	6.325172e-22
1.644645e+00	5.897757e-22
1.649703e+00	5.512219e-22
1.654777e+00	5.135156e-22
1.659867e+00	4.811039e-22
1.664973e+00	4.518937e-22
1.670094e+00	4.234384e-22
1.675231e+00	3.993127e-22
1.680384e+00	3.785109e-22
1.685552e+00	3.581382e-22
1.690737e+00	3.405326e-22
1.695937e+00	3.246098e-22
1.701154e+00	3.090715e-22
1.706386e+00	2.955988e-22
1.711635e+00	2.834019e-22
1.716900e+00	2.715380e-22
1.722181e+00	2.612001e-22
1.727478e+00	2.518183e-22
1.732791e+00	2.427152e-22
1.738121e+00	2.347264e-22
1.743467e+00	2.274456e-22
1.748830e+00	2.203906e-22
1.754209e+00	2.141150e-22
1.759605e+00	2.082993e-22
1.765017e+00	2.026812e-22
1.770446e+00	1.976537e-22
1.775892e+00	1.930148e-22
1.781354e+00	1.885281e-22
1.786833e+00	1.844589e-22
1.792329e+00	1.806686e-22
1.797842e+00	1.769948e-22
1.803372e+00	1.736155e-22
1.808919e+00	1.704366e-22
1.814483e+00	1.673470e-22
1.820064e+00	1.644659e-22
1.825662e+00	1.617297e-22
1.831278e+00	1.590627e-22
1.836911e+00	1.565762e-22
1.842561e+00	1.542590e-22
1.848228e+00	1.519747e-22
1.853913e+00	1.497821e-22
1.859615e+00	1.476552e-22
1.865335e+00	1.455579e-22
1.871073e+00	1.435324e-22
1.876828e+00	1.415602e-22
1.882601e+00	1.396149e-22
1.888392e+00	1.377269e-22
1.894200e+00	1.358829e-22
1.900026e+00	1.340637e-22
1.905870e+00	1.322911e-22
1.911733e+00	1.305556e-22
1.917613e+00	1.288430e-22
1.923511e+00	1.271702e-22
1.929428e+00	1.255311e-22
1.935362e+00	1.239129e-22
1.941315e+00	1.223271e-22
1.947286e+00	1.207689e-22
1.953276e+00	1.192304e-22
1.959284e+00	1.177202e-22
1.965310e+00	1.162346e-22
1.971355e+00	1.147678e-22
1.977419e+00	1.133260e-22
1.983501e+00	1.119065e-22
1.989602e+00	1.105050e-22
1.995722e+00	1.091259e-22
2.001860e+00	1.077672e-22
2.008018e+00	1.064257e-22
2.014194e+00	1.051027e-22
2.020390e+00	1.037954e-22
2.026604e+00	1.025056e-22
2.032838e+00	1.012354e-22
2.039090e+00	9.998356e-23
2.045362e+00	9.874817e-23
2.051654e+00	9.753062e-23
2.057964e+00	9.633003e-23
2.064294e+00	9.514501e-23
2.070644e+00	9.397645e-23
2.077013e+00	9.282372e-23
2.083401e+00	9.168580e-23
2.089809e+00	9.056324e-23
2.096237e+00	8.945557e-23
2.102685e+00	8.836202e-23
2.109153e+00	8.728283e-23
2.115640e+00	8.621761e-23
2.122148e+00	8.516594e-23
2.128675e+00	8.412796e-23
2.135223e+00	8.310342e-23
2.141790e+00	8.209183e-23
2.148378e+00	8.109326e-23
2.154986e+00	8.010748e-23
2.161615e+00	7.913412e-23
2.168263e+00	7.817315e-23
2.174933e+00	7.722442e-23
2.181622e+00	7.628759e-23
2.188333e+00	7.536261e-23
2.195064e+00	7.444934e-23
2.201815e+00	7.354751e-23
2.208588e+00	7.265704e-23
2.215381e+00	7.177782e-23
2.222196e+00	7.090958e-23
2.229031e+00	7.005221e-23
2.235887e+00	6.920561e-23
2.242764e+00	6.836956e-23
2.249662e+00	6.754395e-23
2.256582e+00	6.672870e-23
2.263523e+00	6.592359e-23
2.270485e+00	6.512851e-23
2.277469e+00	6.434338e-23
2.284474e+00	6.356801e-23
2.291501e+00	6.280230e-23
2.298549e+00	6.204614e-23
2.305619e+00	6.129938e-23
2.312711e+00	6.056191e-23
2.319825e+00	5.983366e-23
2.326960e+00	5.911446e-23
2.334118e+00	5.840416e-23
2.341297e+00	5.770271e-23
2.348498e+00	5.700995e-23
2.355722e+00	5.632578e-23
2.362968e+00	5.565011e-23
2.370236e+00	5.498282e-23
2.377527e+00	5.432378e-23
2.384840e+00	5.367293e-23
2.392175e+00	5.303014e-23
2.399533e+00	5.239530e-23
2.406913e+00	5.176834e-23
2.414317e+00	5.114914e-23
2.421743e+00	5.053758e-23
2.429192e+00	4.993360e-23
2.436664e+00	4.933709e-23
2.444159e+00	4.874795e-23
2.451676e+00	4.816612e-23
2.459217e+00	4.759147e-23
2.466782e+00	4.702391e-23
2.474369e+00	4.646339e-23
2.481980e+00	4.590978e-23
2.489614e+00	4.536300e-23
2.497272e+00	4.482299e-23
2.504953e+00	4.428964e-23
2.512658e+00	4.376286e-23
2.520387e+00	4.324260e-23
2.528139e+00	4.272875e-23
2.535915e+00	4.222122e-23
2.543715e+00	4.171996e-23
2.551539e+00	4.122488e-23
2.559388e+00	4.073589e-23
2.567260e+00	4.025294e-23
2.575156e+00	3.977593e-23
2.583077e+00	3.930478e-23
2.591022e+00	3.883944e-23
2.598992e+00	3.837983e-23
2.606986e+00	3.792586e-23
2.615005e+00	3.747749e-23
2.623048e+00	3.703462e-23
2.631116e+00	3.659719e-23
2.639209e+00	3.616515e-23
2.647327e+00	3.573841e-23
2.655470e+00	3.531690e-23
2.663638e+00	3.490058e-23
2.671831e+00	3.448937e-23
2.680049e+00	3.408319e-23
2.688292e+00	3.368201e-23
2.696561e+00	3.328574e-23
2.704855e+00	3.289433e-23
2.713175e+00	3.250772e-23
2.721521e+00	3.212585e-23
2.729891e+00	3.174864e-23
2.738288e+00	3.137607e-23
2.746711e+00	3.100805e-23
2.755159e+00	3.064453e-23
2.763634e+00	3.028547e-23
2.772134e+00	2.993080e-23
2.780661e+00	2.958046e-23
2.789214e+00	2.923441e-23
2.797793e+00	2.889259e-23
2.806399e+00	2.855493e-23
2.815031e+00	2.822141e-23
2.823689e+00	2.789196e-23
2.832375e+00	2.756652e-23
2.841087e+00	2.724506e-23
2.849826e+00	2.692752e-23
2.858591e+00	2.661384e-23
2.867384e+00	2.630400e-23
2.876203e+00	2.599793e-23
2.885050e+00	2.569559e-23
2.893924e+00	2.539693e-23
2.902826e+00	2.510191e-23
2.911754e+00	2.481047e-23
2.920710e+00	2.452258e-23
2.929694e+00	2.423820e-23
2.938705e+00	2.395726e-23
2.947744e+00	2.367975e-23
2.956811e+00	2.340560e-23
2.965906e+00	2.313478e-23
2.975029e+00	2.286726e-23
2.984180e+00	2.260298e-23
2.993358e+00	2.234190e-23
3.002566e+00	2.208399e-23
3.011801e+00	2.182921e-23
3.021065e+00	2.157751e-23
3.030357e+00	2.132887e-23
3.039678e+00	2.108324e-23
3.049028e+00	2.084057e-23
3.058406e+00	2.060085e-23
3.067813e+00	2.036402e-23
3.077250e+00	2.013006e-23
3.086715e+00	1.989892e-23
3.096209e+00	1.967058e-23
3.105733e+00	1.944499e-23
3.115285e+00	1.922213e-23
3.124868e+00	1.900196e-23
3.134479e+00	1.878444e-23
3.144120e+00	1.856955e-23
3.153791e+00	1.835724e-23
3.163492e+00	1.814749e-23
3.173222e+00	1.794027e-23
3.182983e+00	1.773555e-23
3.192773e+00	1.753328e-23
3.202594e+00	1.733345e-23
3.212444e+00	1.713602e-23
3.222325e+00	1.694096e-23
3.232237e+00	1.674825e-23
3.242179e+00	1.655785e-23
3.252151e+00	1.636973e-23
3.262154e+00	1.618387e-23
3.272188e+00	1.600024e-23
3.282253e+00	1.581881e-23
3.292349e+00	1.563955e-23
3.302476e+00	1.546244e-23
3.312634e+00	1.528745e-23
3.322823e+00	1.511455e-23
3.333043e+00	1.494372e-23
3.343295e+00	1.477493e-23
3.353579e+00	1.460816e-23
3.363894e+00	1.444337e-23
3.374241e+00	1.428055e-23
3.384619e+00	1.411968e-23
3.395030e+00	1.396072e-23
3.405473e+00	1.380366e-23
3.415947e+00	1.364846e-23
3.426454e+00	1.349512e-23
3.436994e+00	1.334359e-23
3.447565e+00	1.319387e-23
3.458169e+00	1.304593e-23
3.468806e+00	1.289974e-23
3.479476e+00	1.275530e-23
3.490178e+00	1.261256e-23
3.500914e+00	1.247152e-23
3.511682e+00	1.233214e-23
3.522483e+00	1.219443e-23
3.533318e+00	1.205833e-23
3.544186e+00	1.192385e-23
3.555087e+00	1.179097e-23
3.566022e+00	1.165964e-23
3.576991e+00	1.152988e-23
3.587993e+00	1.140164e-23
3.599029e+00	1.127492e-23
3.610100e+00	1.114969e-23
3.621204e+00	1.102594e-23
3.632342e+00	1.090364e-23
3.643515e+00	1.078279e-23
3.654721e+00	1.066335e-23
3.665963e+00	1.054532e-23
3.677239e+00	1.042868e-23
3.688550e+00	1.031341e-23
3.699895e+00	1.019948e-23
3.711275e+00	1.008690e-23
3.722691e+00	9.975638e-24
3.734141e+00	9.865676e-24
3.745627e+00	9.757003e-24
3.757148e+00	9.649601e-24
3.768704e+00	9.543454e-24
3.780296e+00	9.438548e-24
3.791924e+00	9.334868e-24
3.803587e+00	9.232396e-24
3.815287e+00	9.131121e-24
3.827022e+00	9.031027e-24
3.838793e+00	8.932096e-24
3.850601e+00	8.834319e-24
3.862445e+00	8.737680e-24
3.874325e+00	8.642162e-24
3.886242e+00	8.547756e-24
3.898195e+00	8.454446e-24
3.910186e+00	8.362217e-24
3.922213e+00	8.271059e-24
3.934277e+00	8.180958e-24
3.946378e+00	8.091898e-24
3.958517e+00	8.003870e-24
3.970693e+00	7.916861e-24
3.982906e+00	7.830856e-24
3.995157e+00	7.745845e-24
4.007446e+00	7.661816e-24
4.019772e+00	7.578755e-24
4.032136e+00	7.496652e-24
4.044538e+00	7.415495e-24
4.056979e+00	7.335271e-24
4.069458e+00	7.255971e-24
4.081975e+00	7.177583e-24
4.094530e+00	7.100094e-24
4.107124e+00	7.023496e-24
4.119757e+00	6.947777e-24
4.132429e+00	6.872925e-24
4.145140e+00	6.798931e-24
4.157890e+00	6.725785e-24
4.170679e+00	6.653475e-24
4.183507e+00	6.581992e-24
4.196375e+00	6.511326e-24
4.209282e+00	6.441466e-24
4.222230e+00	6.372405e-24
4.235217e+00	6.304131e-24
4.248244e+00	6.236634e-24
4.261310e+00	6.169907e-24
4.274418e+00	6.103939e-24
4.287565e+00	6.038720e-24
4.300753e+00	5.974244e-24
4.313982e+00	5.910500e-24
4.327251e+00	5.847479e-24
4.340561e+00	5.785174e-24
4.353912e+00	5.723575e-24
4.367304e+00	5.662673e-24
4.380737e+00	5.602461e-24
4.394211e+00	5.542931e-24
4.407728e+00	5.484073e-24
4.421285e+00	5.425881e-24
4.434884e+00	5.368347e-24
4.448525e+00	5.311461e-24
4.462208e+00	5.255217e-24
4.475934e+00	5.199608e-24
4.489701e+00	5.144624e-24
4.503510e+00	5.090260e-24
4.517363e+00	5.036509e-24
4.531257e+00	4.983360e-24
4.545195e+00	4.930810e-24
4.559175e+00	4.878851e-24
4.573199e+00	4.827474e-24
4.587265e+00	4.776674e-24
4.601375e+00	4.726444e-24
4.615528e+00	4.676777e-24
4.629725e+00	4.627667e-24
4.643965e+00	4.579106e-24
4.658249e+00	4.531089e-24
4.672578e+00	4.483609e-24
4.686950e+00	4.436661e-24
4.701366e+00	4.390237e-24
4.715827e+00	4.344331e-24
4.730332e+00	4.298939e-24
4.744882e+00	4.254053e-24
4.759476e+00	4.209668e-24
4.774116e+00	4.165779e-24
4.788800e+00	4.122378e-24
4.803530e+00	4.079461e-24
4.818305e+00	4.037023e-24
4.833126e+00	3.995057e-24
4.847992e+00	3.953559e-24
4.862903e+00	3.912524e-24
4.877861e+00	3.871944e-24
4.892864e+00	3.831817e-24
4.907914e+00	3.792137e-24
4.923010e+00	3.752897e-24
4.938153e+00	3.714095e-24
4.953342e+00	3.675724e-24
4.968578e+00	3.637780e-24
4.983860e+00	3.600258e-24
4.999190e+00	3.563154e-24
5.014567e+00	3.526463e-24
5.029991e+00	3.490180e-24
5.045462e+00	3.454302e-24
5.060981e+00	3.418822e-24
5.076548e+00	3.383738e-24
5.092163e+00	3.349045e-24
5.107826e+00	3.314738e-24
5.123537e+00	3.280814e-24
5.139296e+00	3.247269e-24
5.155104e+00	3.214097e-24
5.170960e+00	3.181297e-24
5.186865e+00	3.148863e-24
5.202819e+00	3.116791e-24
5.218822e+00	3.085079e-24
5.234875e+00	3.053722e-24
5.250977e+00	3.022715e-24
5.267128e+00	2.992057e-24
5.283329e+00	2.961744e-24
5.299580e+00	2.931770e-24
5.315880e+00	2.902135e-24
5.332231e+00	2.872833e-24
5.348632e+00	2.843862e-24
5.365084e+00	2.815217e-24
5.381586e+00	2.786898e-24
5.398139e+00	2.758898e-24
5.414743e+00	2.731216e-24
5.431398e+00	2.703849e-24
5.448104e+00	2.676793e-24
5.464862e+00	2.650046e-24
5.481671e+00	2.623605e-24
5.498532e+00	2.597466e-24
5.515445e+00	2.571627e-24
5.532409e+00	2.546085e-24
5.549426e+00	2.520838e-24
5.566496e+00	2.495882e-24
5.583617e+00	2.471216e-24
5.600792e+00	2.446836e-24
5.618019e+00	2.422741e-24
5.635299e+00	2.398928e-24
5.652633e+00	2.375394e-24
5.670019e+00	2.352137e-24
5.687459e+00	2.329156e-24
5.704953e+00	2.306447e-24
5.722501e+00	2.284009e-24
5.740102e+00	2.261840e-24
5.757758e+00	2.239938e-24
5.775468e+00	2.218302e-24
5.793233e+00	2.196928e-24
5.811052e+00	2.175816e-24
5.828926e+00	2.154964e-24
5.846855e+00	2.134371e-24
5.864839e+00	2.114034e-24
5.882878e+00	2.093953e-24
5.900973e+00	2.074126e-24
5.919124e+00	2.054551e-24
5.937330e+00	2.035229e-24
5.955592e+00	2.016156e-24
5.973911e+00	1.997333e-24
5.992286e+00	1.978759e-24
6.010717e+00	1.960432e-24
6.029205e+00	1.942351e-24
6.047751e+00	1.924516e-24
6.066352e+00	1.906927e-24
6.085012e+00	1.889581e-24
6.103728e+00	1.872480e-24
6.122503e+00	1.855622e-24
6.141335e+00	1.839006e-24
6.160224e+00	1.822633e-24
6.179172e+00	1.806501e-24
6.198179e+00	1.790611e-24
6.217243e+00	1.774962e-24
6.236367e+00	1.759555e-24
6.255549e+00	1.744387e-24
6.274790e+00	1.729460e-24
6.294090e+00	1.714773e-24
6.313450e+00	1.700326e-24
6.332869e+00	1.686119e-24
6.352348e+00	1.672151e-24
6.371887e+00	1.658422e-24
6.391486e+00	1.644932e-24
6.411146e+00	1.631681e-24
6.430866e+00	1.618668e-24
6.450646e+00	1.605893e-24
6.470487e+00	1.593355e-24
6.490389e+00	1.581054e-24
6.510353e+00	1.568989e-24
6.530378e+00	1.557160e-24
6.550464e+00	1.545566e-24
6.570613e+00	1.534206e-24
6.590823e+00	1.523079e-24
6.611095e+00	1.512184e-24
6.631430e+00	1.501520e-24
6.651827e+00	1.491086e-24
6.672288e+00	1.480880e-24
6.692811e+00	1.470901e-24
6.713397e+00	1.461147e-24
6.734046e+00	1.451616e-24
6.754759e+00	1.442307e-24
6.775536e+00	1.433217e-24
6.796376e+00	1.424345e-24
6.817281e+00	1.415687e-24
6.838250e+00	1.407243e-24
6.859284e+00	1.399008e-24
6.880382e+00	1.390980e-24
6.901545e+00	1.383157e-24
6.922773e+00	1.375536e-24
6.944066e+00	1.368114e-24
6.965426e+00	1.360887e-24
6.986850e+00	1.353853e-24
7.008341e+00	1.347008e-24
7.029897e+00	1.340350e-24
7.051520e+00	1.333874e-24
7.073210e+00	1.327577e-24
7.094966e+00	1.321455e-24
7.116789e+00	1.315506e-24
7.138679e+00	1.309726e-24
7.160637e+00	1.304111e-24
7.182662e+00	1.298657e-24
7.204755e+00	1.293362e-24
7.226916e+00	1.288221e-24
7.249145e+00	1.283230e-24
7.271442e+00	1.278388e-24
7.293808e+00	1.273689e-24
7.316243e+00	1.269130e-24
7.338746e+00	1.264709e-24
7.361319e+00	1.260421e-24
7.383962e+00	1.256264e-24
7.406674e+00	1.252233e-24
7.429456e+00	1.248327e-24
7.452307e+00	1.244541e-24
7.475230e+00	1.240874e-24
7.498222e+00	1.237321e-24
7.521286e+00	1.233879e-24
7.544420e+00	1.230547e-24
7.567626e+00	1.227321e-24
7.590903e+00	1.224198e-24
7.614251e+00	1.221176e-24
7.637672e+00	1.218253e-24
7.661164e+00	1.215425e-24
7.684729e+00	1.212691e-24
7.708366e+00	1.210048e-24
7.732076e+00	1.207494e-24
7.755859e+00	1.205026e-24
7.779714e+00	1.202643e-24
7.803644e+00	1.200342e-24
7.827647e+00	1.198122e-24
7.851723e+00	1.195980e-24
7.875874e+00	1.193914e-24
7.900099e+00	1.191923e-24
7.924399e+00	1.190004e-24
7.948773e+00	1.188156e-24
7.973222e+00	1.186376e-24
7.997747e+00	1.184663e-24
8.022347e+00	1.183015e-24
8.047022e+00	1.181430e-24
8.071774e+00	1.179906e-24
8.096602e+00	1.178440e-24
8.121506e+00	1.177031e-24
8.146486e+00	1.175677e-24
8.171544e+00	1.174375e-24
8.196678e+00	1.173125e-24
8.221890e+00	1.171924e-24
8.247179e+00	1.170770e-24
8.272546e+00	1.169662e-24
8.297992e+00	1.168599e-24
8.323515e+00	1.167579e-24
8.349117e+00	1.166602e-24
8.374798e+00	1.165667e-24
8.400557e+00	1.164772e-24
8.426396e+00	1.163918e-24
8.452315e+00	1.163104e-24
8.478313e+00	1.162330e-24
8.504391e+00	1.161594e-24
8.530549e+00	1.160897e-24
8.556788e+00	1.160238e-24
8.583107e+00	1.159617e-24
8.609508e+00	1.159032e-24
8.635990e+00	1.158484e-24
8.662553e+00	1.157970e-24
8.689197e+00	1.157492e-24
8.715924e+00	1.157048e-24
8.742733e+00	1.156637e-24
8.769624e+00	1.156258e-24
8.796598e+00	1.155911e-24
8.823656e+00	1.155594e-24
8.850796e+00	1.155307e-24
8.878020e+00	1.155050e-24
8.905327e+00	1.154820e-24
8.932719e+00	1.154618e-24
8.960195e+00	1.154442e-24
8.987755e+00	1.154292e-24
9.015400e+00	1.154166e-24
9.043130e+00	1.154065e-24
9.070945e+00	1.153987e-24
9.098846e+00	1.153932e-24
9.126833e+00	1.153898e-24
9.154906e+00	1.153886e-24
9.183065e+00	1.153893e-24
9.211311e+00	1.153920e-24
9.239644e+00	1.153966e-24
9.268063e+00	1.154030e-24
9.296571e+00	1.154111e-24
9.325166e+00	1.154209e-24
9.353848e+00	1.154323e-24
9.382620e+00	1.154453e-24
9.411479e+00	1.154597e-24
9.440428e+00	1.154756e-24
9.469465e+00	1.154928e-24
9.498592e+00	1.155112e-24
9.527808e+00	1.155309e-24
9.557114e+00	1.155518e-24
9.586510e+00	1.155738e-24
9.615997e+00	1.155968e-24
9.645575e+00	1.156209e-24
9.675243e+00	1.156458e-24
9.705003e+00	1.156717e-24
9.734854e+00	1.156984e-24
9.764797e+00	1.157258e-24
9.794832e+00	1.157540e-24
9.824960e+00	1.157829e-24
9.855180e+00	1.158123e-24
9.885493e+00	1.158424e-24
9.915899e+00	1.158729e-24
9.946399e+00	1.159040e-24
9.976993e+00	1.159355e-24
1.000768e+01	1.159673e-24
1.003846e+01	1.159995e-24
1.006934e+01	1.160320e-24
1.010031e+01	1.160648e-24
1.013138e+01	1.160977e-24
1.016254e+01	1.161308e-24
1.019380e+01	1.161640e-24
1.022516e+01	1.161973e-24
1.025661e+01	1.162306e-24
1.028815e+01	1.162640e-24
1.031980e+01	1.162973e-24
1.035154e+01	1.163305e-24
1.038338e+01	1.163635e-24
1.041532e+01	1.163965e-24
1.044735e+01	1.164292e-24
1.047949e+01	1.164617e-24
1.051172e+01	1.164940e-24
1.054406e+01	1.165259e-24
1.057649e+01	1.165575e-24
1.060902e+01	1.165888e-24
1.064165e+01	1.166196e-24
1.067438e+01	1.166500e-24
1.070722e+01	1.166800e-24
1.074015e+01	1.167094e-24
1.077318e+01	1.167383e-24
1.080632e+01	1.167667e-24
1.083956e+01	1.167945e-24
1.087290e+01	1.168217e-24
1.090634e+01	1.168482e-24
1.093989e+01	1.168740e-24
1.097354e+01	1.168992e-24
1.100729e+01	1.169236e-24
1.104115e+01	1.169473e-24
1.107511e+01	1.169702e-24
1.110918e+01	1.169923e-24
1.114335e+01	1.170135e-24
1.117762e+01	1.170339e-24
1.121200e+01	1.170535e-24
1.124649e+01	1.170721e-24
1.128108e+01	1.170898e-24
1.131578e+01	1.171065e-24
1.135059e+01	1.171223e-24
1.138550e+01	1.171371e-24
1.142052e+01	1.171509e-24
1.145565e+01	1.171636e-24
1.149088e+01	1.171753e-24
1.152623e+01	1.171859e-24
1.156168e+01	1.171954e-24
1.159724e+01	1.172038e-24
1.163292e+01	1.172110e-24
1.166870e+01	1.172171e-24
1.170459e+01	1.172221e-24
1.174059e+01	1.172258e-24
1.177670e+01	1.172283e-24
1.181292e+01	1.172296e-24
1.184926e+01	1.172297e-24
1.188571e+01	1.172285e-24
1.192226e+01	1.172260e-24
1.195894e+01	1.172223e-24
1.199572e+01	1.172172e-24
1.203262e+01	1.172108e-24
1.206963e+01	1.172031e-24
1.210675e+01	1.171940e-24
1.214399e+01	1.171835e-24
1.218135e+01	1.171717e-24
1.221881e+01	1.171585e-24
1.225640e+01	1.171439e-24
1.229410e+01	1.171279e-24
1.233191e+01	1.171104e-24
1.236984e+01	1.170915e-24
1.240789e+01	1.170711e-24
1.244605e+01	1.170493e-24
1.248434e+01	1.170260e-24
1.252274e+01	1.170012e-24
1.256125e+01	1.169750e-24
1.259989e+01	1.169472e-24
1.263865e+01	1.169178e-24
1.267752e+01	1.168870e-24
1.271651e+01	1.168547e-24
1.275563e+01	1.168208e-24
1.279486e+01	1.167853e-24
1.283422e+01	1.167483e-24
1.287370e+01	1.167098e-24
1.291329e+01	1.166696e-24
1.295301e+01	1.166279e-24
1.299285e+01	1.165846e-24
1.303282e+01	1.165398e-24
1.307291e+01	1.164934e-24
1.311312e+01	1.164453e-24
1.315345e+01	1.163958e-24
1.319391e+01	1.163445e-24
1.323449e+01	1.162918e-24
1.327520e+01	1.162374e-24
1.331603e+01	1.161814e-24
1.335699e+01	1.161240e-24
1.339807e+01	1.160651e-24
1.343928e+01	1.160045e-24
1.348062e+01	1.159423e-24
1.352209e+01	1.158784e-24
1.356368e+01	1.158133e-24
1.360540e+01	1.157468e-24
1.364725e+01	1.156786e-24
1.368922e+01	1.156092e-24
1.373133e+01	1.155384e-24
1.377356e+01	1.154662e-24
1.381593e+01	1.153928e-24
1.385843e+01	1.153183e-24
1.390105e+01	1.152427e-24
1.394381e+01	1.151663e-24
1.398670e+01	1.150890e-24
1.402972e+01	1.150111e-24
1.407287e+01	1.149330e-24
1.411616e+01	1.148548e-24
1.415958e+01	1.147769e-24
1.420313e+01	1.147001e-24
1.424682e+01	1.146249e-24
1.429064e+01	1.145520e-24
1.433460e+01	1.144833e-24
1.437869e+01	1.144201e-24
1.442291e+01	1.143648e-24
1.446728e+01	1.143222e-24
1.451178e+01	1.142977e-24
1.455641e+01	1.142992e-24
1.460119e+01	1.143448e-24
1.464610e+01	1.144636e-24
1.469115e+01	1.146924e-24
1.473633e+01	1.151540e-24
1.478166e+01	1.161825e-24
1.482713e+01	1.261345e-24
1.487273e+01	1.796666e-24
1.491848e+01	2.339161e-24
1.496437e+01	2.223079e-24
1.501040e+01	1.630270e-24
1.505657e+01	1.221384e-24
1.510288e+01	1.164325e-24
1.514933e+01	1.144962e-24
1.519593e+01	1.134837e-24
1.524267e+01	1.128918e-24
1.528955e+01	1.124728e-24
1.533658e+01	1.121522e-24
1.538376e+01	1.118848e-24
1.543107e+01	1.116498e-24
1.547854e+01	1.114369e-24
1.552615e+01	1.112382e-24
1.557390e+01	1.110487e-24
1.562181e+01	1.108658e-24
1.566986e+01	1.106872e-24
1.571805e+01	1.105114e-24
1.576640e+01	1.103375e-24
1.581490e+01	1.101646e-24
1.586354e+01	1.099921e-24
1.591234e+01	1.098197e-24
1.596128e+01	1.096470e-24
1.601037e+01	1.094737e-24
1.605962e+01	1.092997e-24
1.610902e+01	1.091248e-24
1.615856e+01	1.089488e-24
1.620827e+01	1.087717e-24
1.625812e+01	1.085934e-24
1.630813e+01	1.084138e-24
1.635829e+01	1.082330e-24
1.640861e+01	1.080507e-24
1.645908e+01	1.078671e-24
1.650970e+01	1.076820e-24
1.656048e+01	1.074955e-24
1.661142e+01	1.073075e-24
1.666252e+01	1.071181e-24
1.671377e+01	1.069273e-24
1.676518e+01	1.067349e-24
1.681674e+01	1.065411e-24
1.686847e+01	1.063458e-24
1.692036e+01	1.061490e-24
1.697240e+01	1.059508e-24
1.702460e+01	1.057511e-24
1.707697e+01	1.055500e-24
1.712950e+01	1.053475e-24
1.718218e+01	1.051435e-24
1.723503e+01	1.049381e-24
1.728805e+01	1.047313e-24
1.734122e+01	1.045231e-24
1.739456e+01	1.043136e-24
1.744806e+01	1.041027e-24
1.750173e+01	1.038905e-24
1.755557e+01	1.036770e-24
1.760956e+01	1.034622e-24
1.766373e+01	1.032461e-24
1.771806e+01	1.030288e-24
1.777256e+01	1.028103e-24
1.782722e+01	1.025905e-24
1.788206e+01	1.023697e-24
1.793706e+01	1.021476e-24
1.799223e+01	1.019245e-24
1.804757e+01	1.017003e-24
1.810309e+01	1.014750e-24
1.815877e+01	1.012488e-24
1.821462e+01	1.010215e-24
1.827065e+01	1.007934e-24
1.832684e+01	1.005643e-24
1.838321e+01	1.003344e-24
1.843976e+01	1.001036e-24
1.849648e+01	9.987210e-25
1.855337e+01	9.963987e-25
1.861044e+01	9.940698e-25
1.866768e+01	9.917345e-25
1.872510e+01	9.893939e-25
1.878270e+01	9.870483e-25
1.884047e+01	9.846982e-25
1.889842e+01	9.823447e-25
1.895655e+01	9.799884e-25
1.901486e+01	9.776299e-25
1.907334e+01	9.752705e-25
1.913201e+01	9.729109e-25
1.919086e+01	9.705520e-25
1.924988e+01	9.681955e-25
1.930909e+01	9.658423e-25
1.936849e+01	9.634939e-25
1.942806e+01	9.611523e-25
1.948782e+01	9.588191e-25
1.954776e+01	9.564964e-25
1.960789e+01	9.541871e-25
1.966820e+01	9.518938e-25
1.972869e+01	9.496200e-25
1.978938e+01	9.473701e-25
1.985025e+01	9.451492e-25
1.991130e+01	9.429628e-25
1.997255e+01	9.408195e-25
2.003398e+01	9.387288e-25
2.009560e+01	9.367022e-25
2.015741e+01	9.347569e-25
2.021942e+01	9.329148e-25
2.028161e+01	9.312028e-25
2.034399e+01	9.296624e-25
2.040657e+01	9.283541e-25
2.046933e+01	9.273537e-25
2.053229e+01	9.267902e-25
2.059545e+01	9.268828e-25
2.065880e+01	9.279119e-25
2.072234e+01	9.304553e-25
2.078608e+01	9.357853e-25
2.085001e+01	9.465352e-25
2.091415e+01	9.704677e-25
2.097847e+01	1.018156e-24
2.104300e+01	1.173651e-24
2.110773e+01	1.638470e-24
2.117265e+01	1.994349e-24
2.123778e+01	1.937857e-24
2.130310e+01	1.460137e-24
2.136863e+01	1.002975e-24
2.143435e+01	9.309496e-25
2.150028e+01	9.114627e-25
2.156641e+01	9.002365e-25
2.163275e+01	8.923520e-25
2.169929e+01	8.864115e-25
2.176603e+01	8.817355e-25
2.183298e+01	8.778171e-25
2.190014e+01	8.744102e-25
2.196750e+01	8.713755e-25
2.203507e+01	8.686065e-25
2.210284e+01	8.660390e-25
2.217083e+01	8.636332e-25
2.223902e+01	8.613577e-25
2.230743e+01	8.591906e-25
2.237604e+01	8.571184e-25
2.244487e+01	8.551297e-25
2.251390e+01	8.532161e-25
2.258315e+01	8.513724e-25
2.265262e+01	8.495943e-25
2.272229e+01	8.478784e-25
2.279218e+01	8.462228e-25
2.286229e+01	8.446260e-25
2.293261e+01	8.430867e-25
2.300315e+01	8.416045e-25
2.307390e+01	8.401790e-25
2.314487e+01	8.388100e-25
2.321606e+01	8.374977e-25
2.328747e+01	8.362423e-25
2.335910e+01	8.350441e-25
2.343095e+01	8.339035e-25
2.350302e+01	8.328210e-25
2.357531e+01	8.317971e-25
2.364783e+01	8.308324e-25
2.372057e+01	8.299274e-25
2.379353e+01	8.290826e-25
2.386671e+01	8.282985e-25
2.394012e+01	8.275758e-25
2.401376e+01	8.269148e-25
2.408762e+01	8.263161e-25
2.416171e+01	8.257800e-25
2.423603e+01	8.253070e-25
2.431058e+01	8.248974e-25
2.438535e+01	8.245514e-25
2.446036e+01	8.242693e-25
2.453560e+01	8.240513e-25
2.461106e+01	8.238973e-25
2.468676e+01	8.238076e-25
2.476270e+01	8.237820e-25
2.483886e+01	8.238205e-25
2.491526e+01	8.239229e-25
2.499190e+01	8.240890e-25
2.506877e+01	8.243184e-25
2.514588e+01	8.246107e-25
2.522322e+01	8.249656e-25
2.530081e+01	8.253826e-25
2.537863e+01	8.258609e-25
2.545669e+01	8.263999e-25
2.553499e+01	8.269990e-25
2.561353e+01	8.276573e-25
2.569232e+01	8.283740e-25
2.577134e+01	8.291480e-25
2.585061e+01	8.299785e-25
2.593012e+01	8.308644e-25
2.600988e+01	8.318045e-25
2.608988e+01	8.327977e-25
2.617013e+01	8.338428e-25
2.625063e+01	8.349384e-25
2.633137e+01	8.360833e-25
2.641236e+01	8.372760e-25
2.649360e+01	8.385151e-25
2.657510e+01	8.397992e-25
2.665684e+01	8.411267e-25
2.673883e+01	8.424961e-25
2.682107e+01	8.439057e-25
2.690357e+01	8.453539e-25
2.698632e+01	8.468390e-25
2.706933e+01	8.483593e-25
2.715259e+01	8.499131e-25
2.723611e+01	8.514984e-25
2.731988e+01	8.531136e-25
2.740392e+01	8.547568e-25
2.748821e+01	8.564260e-25
2.757276e+01	8.581192e-25
2.765757e+01	8.598347e-25
2.774264e+01	8.615703e-25
2.782797e+01	8.633241e-25
2.791356e+01	8.650939e-25
2.799942e+01	8.668777e-25
2.808554e+01	8.686734e-25
2.817193e+01	8.704788e-25
2.825858e+01	8.722917e-25
2.834550e+01	8.741100e-25
2.843269e+01	8.759314e-25
2.852014e+01	8.777537e-25
2.860787e+01	8.795746e-25
2.869586e+01	8.813917e-25
2.878413e+01	8.832028e-25
2.887266e+01	8.850056e-25
2.896147e+01	8.867976e-25
2.905055e+01	8.885765e-25
2.913991e+01	8.903399e-25
2.922954e+01	8.920854e-25
2.931944e+01	8.938107e-25
2.940963e+01	8.955133e-25
2.950008e+01	8.971908e-25
2.959082e+01	8.988408e-25
2.968184e+01	9.004610e-25
2.977314e+01	9.020490e-25
2.986472e+01	9.036024e-25
2.995658e+01	9.051188e-25
3.004872e+01	9.065960e-25
3.014114e+01	9.080316e-25
3.023385e+01	9.094235e-25
3.032685e+01	9.107693e-25
3.042013e+01	9.120670e-25
3.051370e+01	9.133143e-25
3.060755e+01	9.145093e-25
3.070170e+01	9.156498e-25
3.079613e+01	9.167340e-25
3.089086e+01	9.177599e-25
3.098587e+01	9.187257e-25
3.108118e+01	9.196297e-25
3.117678e+01	9.204701e-25
3.127268e+01	9.212453e-25
3.136887e+01	9.219540e-25
3.146535e+01	9.225945e-25
3.156214e+01	9.231656e-25
3.165922e+01	9.236660e-25
3.175660e+01	9.240945e-25
3.185428e+01	9.244502e-25
3.195225e+01	9.247320e-25
3.205054e+01	9.249391e-25
3.214912e+01	9.250707e-25
3.224800e+01	9.251262e-25
3.234719e+01	9.251050e-25
3.244669e+01	9.250067e-25
3.254649e+01	9.248308e-25
3.264660e+01	9.245773e-25
3.274701e+01	9.242459e-25
3.284774e+01	9.238366e-25
3.294878e+01	9.233494e-25
3.305012e+01	9.227846e-25
3.315178e+01	9.221423e-25
3.325375e+01	9.214230e-25
3.335603e+01	9.206270e-25
3.345863e+01	9.197550e-25
3.356155e+01	9.188074e-25
3.366478e+01	9.177851e-25
3.376832e+01	9.166888e-25
3.387219e+01	9.155194e-25
3.397638e+01	9.142779e-25
3.408088e+01	9.129652e-25
3.418571e+01	9.115824e-25
3.429086e+01	9.101307e-25
3.439634e+01	9.086113e-25
3.450213e+01	9.070254e-25
3.460826e+01	9.053744e-25
3.471471e+01	9.036596e-25
3.482149e+01	9.018825e-25
3.492859e+01	9.000444e-25
3.503603e+01	8.981469e-25
3.514379e+01	8.961915e-25
3.525189e+01	8.941798e-25
3.536032e+01	8.921133e-25
3.546908e+01	8.899936e-25
3.557818e+01	8.878224e-25
3.568761e+01	8.856013e-25
3.579738e+01	8.833319e-25
3.590749e+01	8.810159e-25
3.601794e+01	8.786549e-25
3.612872e+01	8.762507e-25
3.623985e+01	8.738048e-25
3.635132e+01	8.713190e-25
3.646313e+01	8.687949e-25
3.657529e+01	8.662342e-25
3.668779e+01	8.636384e-25
3.680063e+01	8.610093e-25
3.691383e+01	8.583484e-25
3.702737e+01	8.556574e-25
3.714126e+01	8.529378e-25
3.725550e+01	8.501912e-25
3.737009e+01	8.474191e-25
3.748504e+01	8.446230e-25
3.760034e+01	8.418045e-25
3.771599e+01	8.389649e-25
3.783200e+01	8.361058e-25
3.794837e+01	8.332286e-25
3.806509e+01	8.303346e-25
3.818217e+01	8.274252e-25
3.829961e+01	8.245018e-25
3.841742e+01	8.215655e-25
3.853558e+01	8.186178e-25
3.865411e+01	8.156598e-25
3.877301e+01	8.126927e-25
3.889227e+01	8.097177e-25
3.901190e+01	8.067361e-25
3.913189e+01	8.037487e-25
3.925226e+01	8.007569e-25
3.937299e+01	7.977615e-25
3.949410e+01	7.947637e-25
3.961557e+01	7.917644e-25
3.973743e+01	7.887645e-25
3.985965e+01	7.857650e-25
3.998226e+01	7.827669e-25
4.010524e+01	7.797708e-25
4.022859e+01	7.767778e-25
4.035233e+01	7.737885e-25
4.047645e+01	7.708039e-25
4.060095e+01	7.678245e-25
4.072583e+01	7.648512e-25
4.085110e+01	7.618846e-25
4.097675e+01	7.589255e-25
4.110279e+01	7.559743e-25
4.122922e+01	7.530318e-25
4.135603e+01	7.500986e-25
4.148324e+01	7.471752e-25
4.161083e+01	7.442621e-25
4.173882e+01	7.413599e-25
4.186720e+01	7.384690e-25
4.199598e+01	7.355899e-25
4.212515e+01	7.327231e-25
4.225473e+01	7.298690e-25
4.238470e+01	7.270280e-25
4.251506e+01	7.242005e-25
4.264583e+01	7.213869e-25
4.277701e+01	7.185874e-25
4.290858e+01	7.158025e-25
4.304057e+01	7.130324e-25
4.317295e+01	7.102774e-25
4.330575e+01	7.075378e-25
4.343895e+01	7.048140e-25
4.357256e+01	7.021060e-25
4.370658e+01	6.994142e-25
4.384102e+01	6.967387e-25
4.397587e+01	6.940799e-25
4.411113e+01	6.914379e-25
4.424681e+01	6.888128e-25
4.438291e+01	6.862050e-25
4.451942e+01	6.836147e-25
4.465636e+01	6.810421e-25
4.479371e+01	6.784876e-25
4.493149e+01	6.759518e-25
4.506970e+01	6.734363e-25
4.520832e+01	6.709491e-25
4.534738e+01	6.685437e-25
4.548686e+01	6.661917e-25
4.562677e+01	6.637573e-25
4.576711e+01	6.612811e-25
4.590789e+01	6.588123e-25
4.604909e+01	6.563670e-25
4.619073e+01	6.539358e-25
4.633281e+01	6.515421e-25
4.647532e+01	6.491890e-25
4.661827e+01	6.468601e-25
4.676167e+01	6.445509e-25
4.690550e+01	6.422606e-25
4.704977e+01	6.399887e-25
4.719449e+01	6.377350e-25
4.733965e+01	6.354995e-25
4.748526e+01	6.332819e-25
4.763132e+01	6.310822e-25
4.777783e+01	6.289004e-25
4.792479e+01	6.267363e-25
4.807220e+01	6.245899e-25
4.822006e+01	6.224611e-25
4.836838e+01	6.203498e-25
4.851715e+01	6.182560e-25
4.866638e+01	6.161796e-25
4.881607e+01	6.141204e-25
4.896623e+01	6.120785e-25
4.911684e+01	6.100537e-25
4.926792e+01	6.080459e-25
4.941946e+01	6.060551e-25
4.957146e+01	6.040810e-25
4.972394e+01	6.021238e-25
4.987688e+01	6.001831e-25
5.003030e+01	5.982590e-25
5.018418e+01	5.963514e-25
5.033854e+01	5.944600e-25
5.049338e+01	5.925849e-25
5.064869e+01	5.907258e-25
5.080447e+01	5.888828e-25
5.096074e+01	5.870556e-25
5.111749e+01	5.852442e-25
5.127472e+01	5.834484e-25
5.143243e+01	5.816682e-25
5.159063e+01	5.799034e-25
5.174932e+01	5.781538e-25
5.190849e+01	5.764194e-25
5.206815e+01	5.747001e-25
5.222831e+01	5.729957e-25
5.238896e+01	5.713061e-25
5.255010e+01	5.696311e-25
5.271173e+01	5.679707e-25
5.287387e+01	5.663248e-25
5.303650e+01	5.646931e-25
5.319963e+01	5.630756e-25
5.336327e+01	5.614722e-25
5.352741e+01	5.598827e-25
5.369205e+01	5.583069e-25
5.385720e+01	5.567449e-25
5.402285e+01	5.551964e-25
5.418902e+01	5.536613e-25
5.435570e+01	5.521395e-25
5.452289e+01	5.506309e-25
5.469059e+01	5.491353e-25
5.485881e+01	5.476526e-25
5.502755e+01	5.461828e-25
5.519681e+01	5.447256e-25
5.536659e+01	5.432809e-25
5.553689e+01	5.418486e-25
5.570771e+01	5.404287e-25
5.587906e+01	5.390209e-25
5.605094e+01	5.376252e-25
5.622334e+01	5.362414e-25
5.639628e+01	5.348694e-25
5.656974e+01	5.335091e-25
5.674374e+01	5.321603e-25
5.691828e+01	5.308230e-25
5.709335e+01	5.294970e-25
5.726896e+01	5.281822e-25
5.744511e+01	5.268786e-25
5.762181e+01	5.255858e-25
5.779904e+01	5.243040e-25
5.797682e+01	5.230328e-25
5.815515e+01	5.217723e-25
5.833403e+01	5.205224e-25
5.851346e+01	5.192828e-25
5.869344e+01	5.180535e-25
5.887397e+01	5.168343e-25
5.905506e+01	5.156252e-25
5.923670e+01	5.144261e-25
5.941891e+01	5.132368e-25
5.960167e+01	5.120573e-25
5.978500e+01	5.108873e-25
5.996889e+01	5.097269e-25
6.015334e+01	5.085760e-25
6.033836e+01	5.074343e-25
6.052396e+01	5.063018e-25
6.071012e+01	5.051784e-25
6.089686e+01	5.040641e-25
6.108416e+01	5.029586e-25
6.127205e+01	5.018619e-25
6.146052e+01	5.007740e-25
6.164956e+01	4.996946e-25
6.183919e+01	4.986237e-25
6.202939e+01	4.975613e-25
6.222019e+01	4.965071e-25
6.241157e+01	4.954612e-25
6.260354e+01	4.944234e-25
6.279610e+01	4.933936e-25
6.298925e+01	4.923718e-25
6.318299e+01	4.913578e-25
6.337734e+01	4.903516e-25
6.357227e+01	4.893530e-25
6.376781e+01	4.883620e-25
6.396395e+01	4.873785e-25
6.416070e+01	4.864024e-25
6.435805e+01	4.854337e-25
6.455600e+01	4.844722e-25
6.475457e+01	4.835178e-25
6.495375e+01	4.825705e-25
6.515353e+01	4.816302e-25
6.535394e+01	4.806968e-25
6.555496e+01	4.797702e-25
6.575659e+01	4.788504e-25
6.595885e+01	4.779372e-25
6.616173e+01	4.770307e-25
6.636524e+01	4.761306e-25
6.656937e+01	4.752370e-25
6.677412e+01	4.743498e-25
6.697951e+01	4.734688e-25
6.718553e+01	4.725941e-25
6.739218e+01	4.717255e-25
6.759947e+01	4.708630e-25
6.780740e+01	4.700065e-25
6.801597e+01	4.691560e-25
6.822517e+01	4.683113e-25
6.843502e+01	4.674724e-25
6.864552e+01	4.666392e-25
6.885667e+01	4.658117e-25
6.906846e+01	4.649898e-25
6.928090e+01	4.641734e-25
6.949400e+01	4.633626e-25
6.970776e+01	4.625571e-25
6.992217e+01	4.617570e-25
7.013724e+01	4.609621e-25
7.035297e+01	4.601725e-25
7.056936e+01	4.593880e-25
7.078643e+01	4.586087e-25
7.100415e+01	4.578344e-25
7.122255e+01	4.570650e-25
7.144162e+01	4.563006e-25
7.166137e+01	4.555411e-25
7.188179e+01	4.547864e-25
7.210289e+01	4.540365e-25
7.232466e+01	4.532913e-25
7.254712e+01	4.525507e-25
7.277027e+01	4.518148e-25
7.299410e+01	4.510834e-25
7.321862e+01	4.503565e-25
7.344383e+01	4.496340e-25
7.366973e+01	4.489159e-25
7.389633e+01	4.482022e-25
7.412363e+01	4.474928e-25
7.435162e+01	4.467877e-25
7.458031e+01	4.460867e-25
7.480971e+01	4.453900e-25
7.503982e+01	4.446973e-25
7.527063e+01	4.440087e-25
7.550215e+01	4.433241e-25
7.573438e+01	4.426435e-25
7.596733e+01	4.419668e-25
7.620100e+01	4.412940e-25
7.643538e+01	4.406251e-25
7.667048e+01	4.399599e-25
7.690631e+01	4.392986e-25
7.714287e+01	4.386409e-25
7.738015e+01	4.379870e-25
7.761816e+01	4.373366e-25
7.785690e+01	4.366899e-25
7.809637e+01	4.360468e-25
7.833659e+01	4.354072e-25
7.857754e+01	4.347710e-25
7.881923e+01	4.341383e-25
7.906167e+01	4.335091e-25
7.930485e+01	4.328832e-25
7.954878e+01	4.322606e-25
7.979346e+01	4.316414e-25
8.003890e+01	4.310254e-25
8.028509e+01	4.304127e-25
8.053203e+01	4.298032e-25
8.077974e+01	4.291968e-25
8.102820e+01	4.285936e-25
8.127743e+01	4.279935e-25
8.152743e+01	4.273965e-25
8.177820e+01	4.268025e-25
8.202974e+01	4.262116e-25
8.228205e+01	4.256236e-25
8.253514e+01	4.250386e-25
8.278900e+01	4.244564e-25
8.304365e+01	4.238772e-25
8.329908e+01	4.233009e-25
8.355530e+01	4.227274e-25
8.381230e+01	4.221567e-25
8.407010e+01	4.215888e-25
8.432868e+01	4.210236e-25
8.458807e+01	4.204612e-25
8.484825e+01	4.199014e-25
8.510923e+01	4.193443e-25
8.537101e+01	4.187899e-25
8.563360e+01	4.182382e-25
8.589700e+01	4.176890e-25
8.616121e+01	4.171423e-25
8.642623e+01	4.165983e-25
8.669206e+01	4.160567e-25
8.695871e+01	4.155177e-25
8.722619e+01	4.149811e-25
8.749448e+01	4.144471e-25
8.776360e+01	4.139154e-25
8.803355e+01	4.133861e-25
8.830433e+01	4.128593e-25
8.857594e+01	4.123348e-25
8.884839e+01	4.118126e-25
8.912167e+01	4.112928e-25
8.939580e+01	4.107753e-25
8.967077e+01	4.102601e-25
8.994658e+01	4.097471e-25
9.022324e+01	4.092364e-25
9.050076e+01	4.087279e-25
9.077913e+01	4.082217e-25
9.105835e+01	4.077176e-25
9.133843e+01	4.072157e-25
9.161938e+01	4.067159e-25
9.190118e+01	4.062183e-25
9.218386e+01	4.057228e-25
9.246740e+01	4.052293e-25
9.275182e+01	4.047380e-25
9.303711e+01	4.042488e-25
9.332328e+01	4.037616e-25
9.361033e+01	4.032764e-25
9.389826e+01	4.027932e-25
9.418708e+01	4.023120e-25
9.447679e+01	4.018329e-25
9.476738e+01	4.013556e-25
9.505887e+01	4.008804e-25
9.535126e+01	4.004071e-25
9.564455e+01	3.999357e-25
9.593874e+01	3.994662e-25
9.623383e+01	3.989986e-25
9.652983e+01	3.985329e-25
9.682675e+01	3.980691e-25
9.712457e+01	3.976071e-25
9.742331e+01	3.971470e-25
9.772297e+01	3.966887e-25
9.802355e+01	3.962322e-25
9.832506e+01	3.957775e-25
9.862749e+01	3.953246e-25
9.893086e+01	3.948734e-25
9.923516e+01	3.944241e-25
9.954039e+01	3.939765e-25
9.984656e+01	3.935306e-25
1.001537e+02	3.930864e-25
1.004617e+02	3.926440e-25
1.007707e+02	3.922033e-25
1.010807e+02	3.917643e-25
1.013916e+02	3.913270e-25
1.017035e+02	3.908913e-25
1.020163e+02	3.904573e-25
1.023301e+02	3.900249e-25
1.026448e+02	3.895942e-25
1.029606e+02	3.891652e-25
1.032772e+02	3.887377e-25
1.035949e+02	3.883119e-25
1.039136e+02	3.878877e-25
1.042332e+02	3.874650e-25
1.045538e+02	3.870440e-25
1.048754e+02	3.866245e-25
1.051980e+02	3.862066e-25
1.055215e+02	3.857902e-25
1.058461e+02	3.853754e-25
1.061717e+02	3.849622e-25
1.064982e+02	3.845504e-25
1.068258e+02	3.841402e-25
1.071544e+02	3.837315e-25
1.074840e+02	3.833243e-25
1.078146e+02	3.829186e-25
1.081462e+02	3.825145e-25
1.084789e+02	3.821117e-25
1.088125e+02	3.817105e-25
1.091472e+02	3.813107e-25
1.094829e+02	3.809124e-25
1.098197e+02	3.805156e-25
1.101575e+02	3.801202e-25
1.104963e+02	3.797263e-25
1.108362e+02	3.793337e-25
1.111771e+02	3.789426e-25
1.115191e+02	3.785530e-25
1.118621e+02	3.781647e-25
1.122061e+02	3.777779e-25
1.125513e+02	3.773924e-25
1.128975e+02	3.770084e-25
1.132447e+02	3.766257e-25
1.135931e+02	3.762445e-25
1.139424e+02	3.758646e-25
1.142929e+02	3.754860e-25
1.146445e+02	3.751089e-25
1.149971e+02	3.747331e-25
1.153508e+02	3.743587e-25
1.157056e+02	3.739856e-25
1.160615e+02	3.736139e-25
1.164185e+02	3.732435e-25
1.167766e+02	3.728744e-25
1.171358e+02	3.725067e-25
1.174961e+02	3.721403e-25
1.178575e+02	3.717753e-25
1.182200e+02	3.714115e-25
1.185836e+02	3.710491e-25
1.189484e+02	3.706879e-25
1.193142e+02	3.703281e-25
1.196812e+02	3.699696e-25
1.200493e+02	3.696124e-25
1.204186e+02	3.692565e-25
1.207890e+02	3.689018e-25
1.211605e+02	3.685485e-25
1.215332e+02	3.681964e-25
1.219070e+02	3.678456e-25
1.222820e+02	3.674961e-25
1.226581e+02	3.671478e-25
1.230354e+02	3.668008e-25
1.234138e+02	3.664551e-25
1.237934e+02	3.661107e-25
1.241742e+02	3.657675e-25
1.245561e+02	3.654255e-25
1.249393e+02	3.650848e-25
1.253235e+02	3.647453e-25
1.257090e+02	3.644071e-25
1.260957e+02	3.640702e-25
1.264835e+02	3.637344e-25
1.268726e+02	3.633999e-25
1.272628e+02	3.630667e-25
1.276543e+02	3.627347e-25
1.280469e+02	3.624039e-25
1.284408e+02	3.620743e-25
1.288358e+02	3.617459e-25
1.292321e+02	3.614188e-25
1.296296e+02	3.610929e-25
1.300283e+02	3.607682e-25
1.304283e+02	3.604448e-25
1.308295e+02	3.601225e-25
1.312319e+02	3.598014e-25
1.316355e+02	3.594816e-25
1.320404e+02	3.591629e-25
1.324466e+02	3.588455e-25
1.328539e+02	3.585293e-25
1.332626e+02	3.582142e-25
1.336725e+02	3.579004e-25
1.340836e+02	3.575878e-25
1.344961e+02	3.572763e-25
1.349098e+02	3.569661e-25
1.353247e+02	3.566570e-25
1.357410e+02	3.563492e-25
1.361585e+02	3.560425e-25
1.365773e+02	3.557370e-25
1.369974e+02	3.554327e-25
1.374188e+02	3.551296e-25
1.378414e+02	3.548277e-25
1.382654e+02	3.545270e-25
1.386907e+02	3.542274e-25
1.391173e+02	3.539290e-25
1.395452e+02	3.536318e-25
1.399744e+02	3.533358e-25
1.404050e+02	3.530410e-25
1.408368e+02	3.527473e-25
1.412700e+02	3.524549e-25
1.417046e+02	3.521636e-25
1.421404e+02	3.518734e-25
1.425776e+02	3.515845e-25
1.430162e+02	3.512967e-25
1.434561e+02	3.510101e-25
1.438973e+02	3.507247e-25
1.443399e+02	3.504404e-25
1.447839e+02	3.501574e-25
1.452292e+02	3.498755e-25
1.456759e+02	3.495947e-25
1.461240e+02	3.493152e-25
1.465735e+02	3.490368e-25
1.470243e+02	3.487596e-25
1.474765e+02	3.484835e-25
1.479301e+02	3.482087e-25
1.483852e+02	3.479350e-25
1.488416e+02	3.476624e-25
1.492994e+02	3.473911e-25
1.497586e+02	3.471209e-25
1.502192e+02	3.468519e-25
1.506813e+02	3.465840e-25
1.511448e+02	3.463174e-25
1.516097e+02	3.460519e-25
1.520760e+02	3.457876e-25
1.525438e+02	3.455244e-25
1.530130e+02	3.452624e-25
1.534836e+02	3.450016e-25
1.539557e+02	3.447420e-25
1.544293e+02	3.444836e-25
1.549043e+02	3.442263e-25
1.553807e+02	3.439702e-25
1.558587e+02	3.437153e-25
1.563381e+02	3.434615e-25
1.568189e+02	3.432089e-25
1.573013e+02	3.429575e-25
1.577851e+02	3.427073e-25
1.582704e+02	3.424583e-25
1.587572e+02	3.422105e-25
1.592456e+02	3.419638e-25
1.597354e+02	3.417183e-25
1.602267e+02	3.414740e-25
1.607195e+02	3.412309e-25
1.612139e+02	3.409890e-25
1.617098e+02	3.407482e-25
1.622072e+02	3.405086e-25
1.627061e+02	3.402703e-25
1.632065e+02	3.400331e-25
1.637086e+02	3.397971e-25
1.642121e+02	3.395623e-25
1.647172e+02	3.393287e-25
1.652238e+02	3.390963e-25
1.657320e+02	3.388651e-25
1.662418e+02	3.386351e-25
1.667531e+02	3.384062e-25
1.672661e+02	3.381786e-25
1.677805e+02	3.379522e-25
1.682966e+02	3.377270e-25
1.688143e+02	3.375030e-25
1.693335e+02	3.372802e-25
1.698544e+02	3.370586e-25
1.703768e+02	3.368382e-25
1.709009e+02	3.366190e-25
1.714265e+02	3.364010e-25
1.719538e+02	3.361843e-25
1.724827e+02	3.359688e-25
1.730132e+02	3.357544e-25
1.735454e+02	3.355413e-25
1.740792e+02	3.353295e-25
1.746147e+02	3.351188e-25
1.751517e+02	3.349094e-25
1.756905e+02	3.347012e-25
1.762309e+02	3.344942e-25
1.767730e+02	3.342885e-25
1.773167e+02	3.340839e-25
1.778621e+02	3.338807e-25
1.784092e+02	3.336786e-25
1.789579e+02	3.334778e-25
1.795084e+02	3.332783e-25
1.800605e+02	3.330800e-25
1.806144e+02	3.328829e-25
1.811699e+02	3.326871e-25
1.817271e+02	3.324925e-25
1.822861e+02	3.322992e-25
1.828468e+02	3.321071e-25
1.834092e+02	3.319163e-25
1.839734e+02	3.317268e-25
1.845392e+02	3.315385e-25
1.851068e+02	3.313515e-25
1.856762e+02	3.311657e-25
1.862473e+02	3.309812e-25
1.868202e+02	3.307980e-25
1.873948e+02	3.306161e-25
1.879712e+02	3.304354e-25
1.885494e+02	3.302560e-25
1.891293e+02	3.300779e-25
1.897111e+02	3.299011e-25
1.902946e+02	3.297256e-25
1.908799e+02	3.295513e-25
1.914670e+02	3.293784e-25
1.920560e+02	3.292067e-25
1.926467e+02	3.290364e-25
1.932393e+02	3.288673e-25
1.938336e+02	3.286996e-25
1.944298e+02	3.285332e-25
1.950279e+02	3.283680e-25
1.956278e+02	3.282042e-25
1.962295e+02	3.280417e-25
1.968330e+02	3.278806e-25
1.974385e+02	3.277207e-25
1.980458e+02	3.275622e-25
1.986549e+02	3.274050e-25
1.992660e+02	3.272491e-25
1.998789e+02	3.270946e-25
2.004937e+02	3.269414e-25
2.011104e+02	3.267895e-25
2.017290e+02	3.266390e-25
2.023494e+02	3.264899e-25
2.029718e+02	3.263421e-25
2.035962e+02	3.261956e-25
2.042224e+02	3.260505e-25
2.048506e+02	3.259068e-25
2.054806e+02	3.257644e-25
2.061127e+02	3.256234e-25
2.067466e+02	3.254838e-25
2.073826e+02	3.253455e-25
2.080205e+02	3.252087e-25
2.086603e+02	3.250732e-25
2.093021e+02	3.249391e-25
2.099459e+02	3.248064e-25
2.105916e+02	3.246750e-25
2.112394e+02	3.245451e-25
2.118891e+02	3.244166e-25
2.125409e+02	3.242895e-25
2.131946e+02	3.241638e-25
2.138504e+02	3.240395e-25
2.145082e+02	3.239166e-25
2.151680e+02	3.237952e-25
2.158298e+02	3.236751e-25
2.164936e+02	3.235565e-25
2.171595e+02	3.234393e-25
2.178275e+02	3.233236e-25
2.184975e+02	3.232093e-25
2.191696e+02	3.230965e-25
2.198437e+02	3.229851e-25
2.205199e+02	3.228751e-25
2.211982e+02	3.227666e-25
2.218786e+02	3.226596e-25
2.225610e+02	3.225540e-25
2.232456e+02	3.224499e-25
2.239323e+02	3.223473e-25
2.246211e+02	3.222461e-25
2.253120e+02	3.221464e-25
2.260050e+02	3.220483e-25
2.267002e+02	3.219516e-25
2.273974e+02	3.218564e-25
2.280969e+02	3.217627e-25
2.287985e+02	3.216705e-25
2.295022e+02	3.215798e-25
2.302082e+02	3.214906e-25
2.309162e+02	3.214030e-25
2.316265e+02	3.213168e-25
2.323390e+02	3.212322e-25
2.330536e+02	3.211491e-25
2.337704e+02	3.210676e-25
2.344895e+02	3.209876e-25
2.352107e+02	3.209091e-25
2.359342e+02	3.208322e-25
2.366599e+02	3.207569e-25
2.373878e+02	3.206831e-25
2.381180e+02	3.206109e-25
2.388504e+02	3.205402e-25
2.395851e+02	3.204711e-25
2.403220e+02	3.204036e-25
2.410612e+02	3.203377e-25
2.418027e+02	3.202733e-25
2.425465e+02	3.202106e-25
2.432925e+02	3.201494e-25
2.440408e+02	3.200899e-25
2.447915e+02	3.200319e-25
2.455444e+02	3.199756e-25
2.462997e+02	3.199209e-25
2.470573e+02	3.198678e-25
2.478172e+02	3.198164e-25
2.485794e+02	3.197665e-25
2.493440e+02	3.197184e-25
2.501110e+02	3.196718e-25
2.508803e+02	3.196269e-25
2.516519e+02	3.195837e-25
2.524260e+02	3.195421e-25
2.532024e+02	3.195022e-25
2.539812e+02	3.194640e-25
2.547624e+02	3.194274e-25
2.555460e+02	3.193925e-25
2.563321e+02	3.193593e-25
2.571205e+02	3.193278e-25
2.579114e+02	3.192980e-25
2.587047e+02	3.192699e-25
2.595004e+02	3.192435e-25
2.602986e+02	3.192188e-25
2.610992e+02	3.191958e-25
2.619023e+02	3.191746e-25
2.627079e+02	3.191551e-25
2.635160e+02	3.191373e-25
2.643265e+02	3.191213e-25
2.651395e+02	3.191070e-25
2.659551e+02	3.190945e-25
2.667731e+02	3.190837e-25
2.675937e+02	3.190747e-25
2.684167e+02	3.190675e-25
2.692424e+02	3.190620e-25
2.700705e+02	3.190584e-25
2.709012e+02	3.190565e-25
2.717345e+02	3.190564e-25
2.725703e+02	3.190581e-25
2.734087e+02	3.190616e-25
2.742496e+02	3.190670e-25
2.750932e+02	3.190741e-25
2.759393e+02	3.190831e-25
2.767881e+02	3.190939e-25
2.776394e+02	3.191065e-25
2.784934e+02	3.191210e-25
2.793500e+02	3.191373e-25
2.802093e+02	3.191555e-25
2.810711e+02	3.191756e-25
2.819357e+02	3.191975e-25
2.828029e+02	3.192212e-25
2.836727e+02	3.192469e-25
2.845453e+02	3.192745e-25
2.854205e+02	3.193039e-25
2.862984e+02	3.193352e-25
2.871790e+02	3.193685e-25
2.880623e+02	3.194037e-25
2.889484e+02	3.194407e-25
2.898372e+02	3.194797e-25
2.907287e+02	3.195207e-25
2.916229e+02	3.195635e-25
2.925199e+02	3.196083e-25
2.934196e+02	3.196551e-25
2.943222e+02	3.197038e-25
2.952274e+02	3.197545e-25
2.961355e+02	3.198072e-25
2.970464e+02	3.198618e-25
2.979601e+02	3.199184e-25
2.988765e+02	3.199770e-25
2.997958e+02	3.200376e-25
3.007180e+02	3.201002e-25
3.016429e+02	3.201648e-25
3.025707e+02	3.202314e-25
3.035014e+02	3.203001e-25
3.044349e+02	3.203707e-25
3.053713e+02	3.204434e-25
3.063106e+02	3.205182e-25
3.072528e+02	3.205950e-25
3.081979e+02	3.206739e-25
3.091458e+02	3.207548e-25
3.100967e+02	3.208378e-25
3.110505e+02	3.209229e-25
3.120073e+02	3.210100e-25
3.129670e+02	3.210993e-25
3.139296e+02	3.211907e-25
3.148952e+02	3.212841e-25
3.158638e+02	3.213797e-25
3.168353e+02	3.214774e-25
3.178099e+02	3.215773e-25
3.187874e+02	3.216792e-25
3.197680e+02	3.217833e-25
3.207515e+02	3.218896e-25
3.217381e+02	3.219980e-25
3.227277e+02	3.221086e-25
3.237204e+02	3.222213e-25
3.247161e+02	3.223363e-25
3.257149e+02	3.224534e-25
3.267167e+02	3.225727e-25
3.277217e+02	3.226942e-25
3.287297e+02	3.228179e-25
3.297408e+02	3.229439e-25
3.307551e+02	3.230721e-25
3.317724e+02	3.232025e-25
3.327929e+02	3.233351e-25
3.338165e+02	3.234700e-25
3.348433e+02	3.236072e-25
3.358732e+02	3.237466e-25
3.369063e+02	3.238883e-25
3.379426e+02	3.240322e-25
3.389821e+02	3.241785e-25
3.400247e+02	3.243271e-25
3.410706e+02	3.244779e-25
3.421197e+02	3.246311e-25
3.431720e+02	3.247866e-25
3.442275e+02	3.249444e-25
3.452863e+02	3.251046e-25
3.463484e+02	3.252671e-25
3.474137e+02	3.254320e-25
3.484823e+02	3.255993e-25
3.495542e+02	3.257689e-25
3.506294e+02	3.259409e-25
3.517079e+02	3.261153e-25
3.527896e+02	3.262921e-25
3.538748e+02	3.264714e-25
3.549633e+02	3.266530e-25
3.560551e+02	3.268371e-25
3.571502e+02	3.270237e-25
3.582488e+02	3.272126e-25
3.593507e+02	3.274041e-25
3.604560e+02	3.275981e-25
3.615647e+02	3.277945e-25
3.626769e+02	3.279935e-25
3.637924e+02	3.281950e-25
3.649114e+02	3.283990e-25
3.660338e+02	3.286056e-25
3.671596e+02	3.288147e-25
3.682890e+02	3.290264e-25
3.694218e+02	3.292407e-25
3.705581e+02	3.294577e-25
3.716979e+02	3.296773e-25
3.728412e+02	3.298995e-25
3.739880e+02	3.301244e-25
3.751383e+02	3.303521e-25
3.762922e+02	3.305825e-25
3.774496e+02	3.308156e-25
3.786106e+02	3.310516e-25
3.797751e+02	3.312904e-25
3.809432e+02	3.315321e-25
3.821150e+02	3.317767e-25
3.832903e+02	3.320243e-25
3.844693e+02	3.322750e-25
3.856518e+02	3.325288e-25
3.868380e+02	3.327859e-25
3.880279e+02	3.330463e-25
3.892214e+02	3.333101e-25
3.904186e+02	3.335775e-25
3.916195e+02	3.338487e-25
3.928240e+02	3.341238e-25
3.940323e+02	3.344032e-25
3.952443e+02	3.346872e-25
3.964600e+02	3.349761e-25
3.976795e+02	3.352706e-25
3.989027e+02	3.355712e-25
4.001297e+02	3.358789e-25
4.013604e+02	3.361949e-25
4.025949e+02	3.365207e-25
4.038332e+02	3.368587e-25
4.050754e+02	3.372121e-25
4.063213e+02	3.375856e-25
4.075711e+02	3.379864e-25
4.088247e+02	3.384258e-25
4.100822e+02	3.389227e-25
4.113436e+02	3.395102e-25
4.126088e+02	3.402508e-25
4.138779e+02	3.412752e-25
4.151510e+02	3.428948e-25
4.164279e+02	3.460144e-25
4.177088e+02	3.542614e-25
4.189936e+02	3.957233e-25
4.202824e+02	5.888153e-24
4.215751e+02	3.884952e-25
4.228718e+02	3.538409e-25
4.241725e+02	3.471255e-25
4.254772e+02	3.449491e-25
4.267859e+02	3.441202e-25
4.280986e+02	3.438281e-25
4.294154e+02	3.437917e-25
4.307362e+02	3.438929e-25
4.320611e+02	3.440751e-25
4.333901e+02	3.443086e-25
4.347231e+02	3.445766e-25
4.360603e+02	3.448688e-25
4.374015e+02	3.451790e-25
4.387469e+02	3.455029e-25
4.400964e+02	3.458377e-25
4.414501e+02	3.461815e-25
4.428080e+02	3.465329e-25
4.441700e+02	3.468909e-25
4.455362e+02	3.472547e-25
4.469066e+02	3.476238e-25
4.482812e+02	3.479977e-25
4.496600e+02	3.483761e-25
4.510431e+02	3.487587e-25
4.524305e+02	3.491454e-25
4.538221e+02	3.495360e-25
4.552180e+02	3.499304e-25
4.566182e+02	3.503284e-25
4.580227e+02	3.507300e-25
4.594315e+02	3.511351e-25
4.608446e+02	3.515436e-25
4.622621e+02	3.519556e-25
4.636840e+02	3.523709e-25
4.651102e+02	3.527896e-25
4.665408e+02	3.532116e-25
4.679758e+02	3.536369e-25
4.694152e+02	3.540655e-25
4.708591e+02	3.544974e-25
4.723074e+02	3.549326e-25
4.737601e+02	3.553710e-25
4.752174e+02	3.558126e-25
4.766791e+02	3.562575e-25
4.781453e+02	3.567057e-25
4.796160e+02	3.571571e-25
4.810912e+02	3.576117e-25
4.825710e+02	3.580696e-25
4.840553e+02	3.585308e-25
4.855442e+02	3.589952e-25
4.870376e+02	3.594629e-25
4.885357e+02	3.599338e-25
4.900384e+02	3.604080e-25
4.915457e+02	3.608855e-25
4.930576e+02	3.613662e-25
4.945741e+02	3.618503e-25
4.960954e+02	3.623376e-25
4.976213e+02	3.628282e-25
4.991519e+02	3.633221e-25
5.006872e+02	3.638193e-25
5.022273e+02	3.643199e-25
5.037721e+02	3.648237e-25
5.053216e+02	3.653309e-25
5.068759e+02	3.658415e-25
5.084350e+02	3.663553e-25
5.099988e+02	3.668725e-25
5.115675e+02	3.673931e-25
5.131410e+02	3.679170e-25
5.147194e+02	3.684443e-25
5.163026e+02	3.689750e-25
5.178907e+02	3.695091e-25
5.194836e+02	3.700466e-25
5.210815e+02	3.705874e-25
5.226843e+02	3.711317e-25
5.242920e+02	3.716794e-25
5.259046e+02	3.722305e-25
5.275222e+02	3.727851e-25
5.291448e+02	3.733431e-25
5.307724e+02	3.739045e-25
5.324049e+02	3.744695e-25
5.340426e+02	3.750378e-25
5.356852e+02	3.756097e-25
5.373329e+02	3.761850e-25
5.389856e+02	3.767639e-25
5.406435e+02	3.773462e-25
5.423064e+02	3.779321e-25
5.439745e+02	3.785214e-25
5.456477e+02	3.791143e-25
5.473260e+02	3.797107e-25
5.490095e+02	3.803107e-25
5.506982e+02	3.809142e-25
5.523921e+02	3.815213e-25
5.540911e+02	3.821319e-25
5.557954e+02	3.827461e-25
5.575050e+02	3.833639e-25
5.592198e+02	3.839853e-25
5.609399e+02	3.846103e-25
5.626652e+02	3.852389e-25
5.643959e+02	3.858712e-25
5.661319e+02	3.865070e-25
5.678733e+02	3.871465e-25
5.696200e+02	3.877896e-25
5.713720e+02	3.884364e-25
5.731295e+02	3.890869e-25
5.748923e+02	3.897410e-25
5.766606e+02	3.903988e-25
5.784344e+02	3.910603e-25
5.802135e+02	3.917255e-25
5.819982e+02	3.923944e-25
5.837883e+02	3.930671e-25
5.855840e+02	3.937434e-25
5.873852e+02	3.944235e-25
5.891919e+02	3.951073e-25
5.910041e+02	3.957949e-25
5.928220e+02	3.964862e-25
5.946454e+02	3.971813e-25
5.964745e+02	3.978802e-25
5.983092e+02	3.985828e-25
6.001495e+02	3.992893e-25
6.019954e+02	3.999995e-25
6.038471e+02	4.007136e-25
6.057044e+02	4.014315e-25
6.075675e+02	4.021532e-25
6.094363e+02	4.028788e-25
6.113108e+02	4.036082e-25
6.131911e+02	4.043415e-25
6.150772e+02	4.050786e-25
6.169691e+02	4.058196e-25
6.188668e+02	4.065645e-25
6.207704e+02	4.073133e-25
6.226798e+02	4.080660e-25
6.245950e+02	4.088226e-25
6.265162e+02	4.095832e-25
6.284433e+02	4.103476e-25
6.303763e+02	4.111160e-25
6.323152e+02	4.118884e-25
6.342601e+02	4.126647e-25
6.362110e+02	4.134449e-25
6.381679e+02	4.142292e-25
6.401309e+02	4.150174e-25
6.420998e+02	4.158097e-25
6.440748e+02	4.166059e-25
6.460559e+02	4.174062e-25
6.480431e+02	4.182104e-25
6.500363e+02	4.190187e-25
6.520358e+02	4.198311e-25
6.540413e+02	4.206475e-25
6.560531e+02	4.214679e-25
6.580710e+02	4.222925e-25
6.600951e+02	4.231211e-25
6.621255e+02	4.239538e-25
6.641621e+02	4.247905e-25
6.662050e+02	4.256314e-25
6.682541e+02	4.264765e-25
6.703096e+02	4.273256e-25
6.723714e+02	4.281789e-25
6.744395e+02	4.290363e-25
6.765140e+02	4.298979e-25
6.785948e+02	4.307636e-25
6.806821e+02	4.316336e-25
6.827758e+02	4.325077e-25
6.848759e+02	4.333860e-25
6.869825e+02	4.342685e-25
6.890955e+02	4.351552e-25
6.912151e+02	4.360461e-25
6.933412e+02	4.369413e-25
6.954738e+02	4.378407e-25
6.976130e+02	4.387444e-25
6.997587e+02	4.396523e-25
7.019111e+02	4.405645e-25
7.040701e+02	4.414810e-25
7.062357e+02	4.424017e-25
7.084080e+02	4.433268e-25
7.105869e+02	4.442562e-25
7.127726e+02	4.451899e-25
7.149650e+02	4.461279e-25
7.171641e+02	4.470703e-25
7.193700e+02	4.480170e-25
7.215827e+02	4.489681e-25
7.238022e+02	4.499236e-25
7.260285e+02	4.508834e-25
7.282616e+02	4.518476e-25
7.305017e+02	4.528163e-25
7.327486e+02	4.537893e-25
7.350024e+02	4.547668e-25
7.372632e+02	4.557487e-25
7.395309e+02	4.567351e-25
7.418056e+02	4.577258e-25
7.440873e+02	4.587211e-25
7.463760e+02	4.597209e-25
7.486717e+02	4.607251e-25
7.509745e+02	4.617338e-25
7.532844e+02	4.627470e-25
7.556014e+02	4.637648e-25
7.579255e+02	4.647870e-25
7.602568e+02	4.658139e-25
7.625952e+02	4.668452e-25
7.649409e+02	4.678811e-25
7.672937e+02	4.689216e-25
7.696538e+02	4.699667e-25
7.720212e+02	4.710164e-25
7.743958e+02	4.720706e-25
7.767777e+02	4.731295e-25
7.791670e+02	4.741931e-25
7.815636e+02	4.752613e-25
7.839676e+02	4.763341e-25
7.863790e+02	4.774116e-25
7.887977e+02	4.784937e-25
7.912240e+02	4.795806e-25
7.936577e+02	4.806722e-25
7.960988e+02	4.817685e-25
7.985475e+02	4.828696e-25
8.010037e+02	4.839755e-25
8.034675e+02	4.850861e-25
8.059389e+02	4.862016e-25
8.084178e+02	4.873220e-25
8.109044e+02	4.884473e-25
8.133986e+02	4.895776e-25
8.159005e+02	4.907130e-25
8.184101e+02	4.918538e-25
8.209274e+02	4.930001e-25
8.234525e+02	4.941525e-25
8.259853e+02	4.953120e-25
8.285259e+02	4.964806e-25
8.310743e+02	4.976636e-25
8.336306e+02	4.988778e-25
8.361947e+02	5.002031e-25
8.387668e+02	5.026893e-25
8.413467e+02	5.082404e-25
8.439346e+02	5.038698e-25
8.465304e+02	5.048097e-25
8.491342e+02	5.059450e-25
8.517460e+02	5.071230e-25
8.543659e+02	5.083184e-25
8.569938e+02	5.095239e-25
8.596297e+02	5.107369e-25
8.622739e+02	5.119563e-25
8.649261e+02	5.131816e-25
8.675865e+02	5.144124e-25
8.702550e+02	5.156485e-25
8.729318e+02	5.168899e-25
8.756168e+02	5.181366e-25
8.783101e+02	5.193884e-25
8.810117e+02	5.206454e-25
8.837215e+02	5.219075e-25
8.864397e+02	5.231748e-25
8.891663e+02	5.244472e-25
8.919013e+02	5.257248e-25
8.946446e+02	5.270076e-25
8.973964e+02	5.282955e-25
9.001567e+02	5.295886e-25
9.029254e+02	5.308869e-25
9.057027e+02	5.321904e-25
9.084885e+02	5.334990e-25
9.112829e+02	5.348130e-25
9.140859e+02	5.361321e-25
9.168975e+02	5.374565e-25
9.197177e+02	5.387861e-25
9.225466e+02	5.401210e-25
9.253843e+02	5.414612e-25
9.282306e+02	5.428066e-25
9.310857e+02	5.441574e-25
9.339496e+02	5.455135e-25
9.368223e+02	5.468749e-25
9.397038e+02	5.482416e-25
9.425942e+02	5.496137e-25
9.454935e+02	5.509911e-25
9.484017e+02	5.523740e-25
9.513189e+02	5.537622e-25
9.542450e+02	5.551558e-25
9.571801e+02	5.565549e-25
9.601243e+02	5.579593e-25
9.630775e+02	5.593692e-25
9.660398e+02	5.607846e-25
9.690112e+02	5.622054e-25
9.719917e+02	5.636317e-25
9.749814e+02	5.650636e-25
9.779803e+02	5.665009e-25
9.809884e+02	5.679437e-25
9.840058e+02	5.693921e-25
9.870325e+02	5.708460e-25
9.900684e+02	5.723055e-25
9.931138e+02	5.737706e-25
9.961684e+02	5.752413e-25
9.992325e+02	5.767175e-25
1.002306e+03	5.781994e-25
1.005389e+03	5.796869e-25
1.008481e+03	5.811801e-25
1.011583e+03	5.826789e-25
1.014695e+03	5.841834e-25
1.017816e+03	5.856936e-25
1.020947e+03	5.872095e-25
1.024087e+03	5.887311e-25
1.027237e+03	5.902584e-25
1.030396e+03	5.917915e-25
1.033566e+03	5.933303e-25
1.036745e+03	5.948749e-25
1.039934e+03	5.964253e-25
1.043132e+03	5.979815e-25
1.046341e+03	5.995436e-25
1.049559e+03	6.011114e-25
1.052788e+03	6.026851e-25
1.056026e+03	6.042647e-25
1.059274e+03	6.058501e-25
1.062532e+03	6.074414e-25
1.065800e+03	6.090387e-25
1.069079e+03	6.106418e-25
1.072367e+03	6.122509e-25
1.075666e+03	6.138659e-25
1.078974e+03	6.154869e-25
1.082293e+03	6.171139e-25
1.085622e+03	6.187469e-25
1.088961e+03	6.203859e-25
1.092311e+03	6.220309e-25
1.095670e+03	6.236820e-25
1.099040e+03	6.253391e-25
1.102421e+03	6.270023e-25
1.105812e+03	6.286715e-25
1.109213e+03	6.303469e-25
1.112625e+03	6.320284e-25
1.116047e+03	6.337160e-25
1.119480e+03	6.354098e-25
1.122923e+03	6.371098e-25
1.126377e+03	6.388159e-25
1.129842e+03	6.405282e-25
1.133317e+03	6.422468e-25
1.136803e+03	6.439715e-25
1.140300e+03	6.457026e-25
1.143807e+03	6.474399e-25
1.147325e+03	6.491834e-25
1.150854e+03	6.509333e-25
1.154394e+03	6.526894e-25
1.157945e+03	6.544519e-25
1.161507e+03	6.562208e-25
1.165079e+03	6.579959e-25
1.168663e+03	6.597775e-25
1.172257e+03	6.615655e-25
1.175863e+03	6.633599e-25
1.179480e+03	6.651607e-25
1.183108e+03	6.669679e-25
1.186747e+03	6.687816e-25
1.190397e+03	6.706018e-25
1.194059e+03	6.724285e-25
1.197731e+03	6.742617e-25
1.201416e+03	6.761014e-25
1.205111e+03	6.779477e-25
1.208818e+03	6.798005e-25
1.212536e+03	6.816600e-25
1.216265e+03	6.835260e-25
1.220006e+03	6.853987e-25
1.223759e+03	6.872780e-25
1.227523e+03	6.891640e-25
1.231299e+03	6.910568e-25
1.235086e+03	6.929563e-25
1.238885e+03	6.948626e-25
1.242696e+03	6.967760e-25
1.246518e+03	6.986968e-25
1.250352e+03	7.006261e-25
1.254198e+03	7.025695e-25
1.258056e+03	7.045950e-25
1.261925e+03	7.069295e-25
1.265807e+03	7.084190e-25
1.269700e+03	7.103604e-25
1.273606e+03	7.123229e-25
1.277523e+03	7.142951e-25
1.281453e+03	7.162751e-25
1.285394e+03	7.182624e-25
1.289348e+03	7.202567e-25
1.293314e+03	7.222582e-25
1.297292e+03	7.242666e-25
1.301282e+03	7.262821e-25
1.305285e+03	7.283047e-25
1.309300e+03	7.303342e-25
1.313327e+03	7.323709e-25
1.317366e+03	7.344146e-25
1.321418e+03	7.364654e-25
1.325483e+03	7.385233e-25
1.329560e+03	7.405884e-25
1.333649e+03	7.426606e-25
1.337752e+03	7.447399e-25
1.341866e+03	7.468265e-25
1.345994e+03	7.489202e-25
1.350134e+03	7.510212e-25
1.354287e+03	7.531294e-25
1.358452e+03	7.552449e-25
1.362631e+03	7.573676e-25
1.366822e+03	7.594977e-25
1.371026e+03	7.616350e-25
1.375243e+03	7.637797e-25
1.379473e+03	7.659318e-25
1.383716e+03	7.680913e-25
1.387972e+03	7.702581e-25
1.392242e+03	7.724324e-25
1.396524e+03	7.746141e-25
1.400819e+03	7.768033e-25
1.405128e+03	7.789999e-25
1.409450e+03	7.812041e-25
1.413785e+03	7.834157e-25
1.418134e+03	7.856350e-25
1.422496e+03	7.878617e-25
1.426871e+03	7.900961e-25
1.431260e+03	7.923381e-25
1.435662e+03	7.945877e-25
1.440078e+03	7.968449e-25
1.444508e+03	7.991098e-25
1.448951e+03	8.013824e-25
1.453408e+03	8.036627e-25
1.457878e+03	8.059507e-25
1.462362e+03	8.082465e-25
1.466860e+03	8.105502e-25
1.471372e+03	8.128618e-25
1.475898e+03	8.151811e-25
1.480438e+03	8.175084e-25
1.484991e+03	8.198434e-25
1.489559e+03	8.221864e-25
1.494141e+03	8.245372e-25
1.498736e+03	8.268960e-25
1.503346e+03	8.292627e-25
1.507970e+03	8.316374e-25
1.512609e+03	8.340201e-25
1.517261e+03	8.364108e-25
1.521928e+03	8.388096e-25
1.526609e+03	8.412164e-25
1.531305e+03	8.436312e-25
1.536015e+03	8.460542e-25
1.540740e+03	8.484853e-25
1.545479e+03	8.509246e-25
1.550232e+03	8.533720e-25
1.555001e+03	8.558278e-25
1.559784e+03	8.582938e-25
1.564581e+03	8.607680e-25
1.569394e+03	8.632505e-25
1.574221e+03	8.657412e-25
1.579063e+03	8.682403e-25
1.583920e+03	8.707477e-25
1.588792e+03	8.732634e-25
1.593679e+03	8.757875e-25
1.598581e+03	8.783200e-25
1.603498e+03	8.808610e-25
1.608430e+03	8.834104e-25
1.613377e+03	8.859682e-25
1.618340e+03	8.885346e-25
1.623318e+03	8.911094e-25
1.628311e+03	8.936928e-25
1.633319e+03	8.962848e-25
1.638343e+03	8.988854e-25
1.643382e+03	9.014946e-25
1.648437e+03	9.041124e-25
1.653507e+03	9.067390e-25
1.658593e+03	9.093742e-25
1.663695e+03	9.120184e-25
1.668812e+03	9.146716e-25
1.673945e+03	9.173357e-25
1.679094e+03	9.200589e-25
1.684259e+03	9.226985e-25
1.689439e+03	9.253712e-25
1.694636e+03	9.280662e-25
1.699848e+03	9.307712e-25
1.705077e+03	9.334855e-25
1.710321e+03	9.362088e-25
1.715582e+03	9.389411e-25
1.720859e+03	9.416824e-25
1.726152e+03	9.444327e-25
1.731461e+03	9.471920e-25
1.736787e+03	9.499605e-25
1.742129e+03	9.527380e-25
1.747488e+03	9.555247e-25
1.752863e+03	9.583205e-25
1.758254e+03	9.611255e-25
1.763662e+03	9.639397e-25
1.769087e+03	9.667631e-25
1.774529e+03	9.695957e-25
1.779987e+03	9.724376e-25
1.785462e+03	9.752889e-25
1.790954e+03	9.781494e-25
1.796462e+03	9.810193e-25
1.801988e+03	9.838986e-25
1.807531e+03	9.867873e-25
1.813091e+03	9.896855e-25
1.818667e+03	9.925931e-25
1.824261e+03	9.955102e-25
1.829872e+03	9.984368e-25
1.835501e+03	1.001373e-24
1.841147e+03	1.004319e-24
1.846810e+03	1.007274e-24
1.852490e+03	1.010239e-24
1.858188e+03	1.013214e-24
1.863904e+03	1.016198e-24
1.869637e+03	1.019192e-24
1.875388e+03	1.022196e-24
1.881156e+03	1.025209e-24
1.886942e+03	1.028233e-24
1.892746e+03	1.031266e-24
1.898568e+03	1.034309e-24
1.904408e+03	1.037362e-24
1.910265e+03	1.040425e-24
1.916141e+03	1.043497e-24
1.922035e+03	1.046580e-24
1.927947e+03	1.049673e-24
1.933877e+03	1.052776e-24
1.939825e+03	1.055888e-24
1.945792e+03	1.059019e-24
1.951777e+03	1.062163e-24
1.957780e+03	1.065316e-24
1.963802e+03	1.068481e-24
1.969842e+03	1.071655e-24
1.975901e+03	1.074839e-24
1.981979e+03	1.078034e-24
1.988075e+03	1.081239e-24
1.994190e+03	1.084454e-24
2.000324e+03	1.087680e-24
2.006477e+03	1.090916e-24
2.012648e+03	1.094162e-24
2.018839e+03	1.097419e-24
2.025049e+03	1.100686e-24
2.031277e+03	1.103963e-24
2.037525e+03	1.107252e-24
2.043793e+03	1.110550e-24
2.050079e+03	1.113860e-24
2.056385e+03	1.117179e-24
2.062710e+03	1.120510e-24
2.069055e+03	1.123851e-24
2.075419e+03	1.127203e-24
2.081802e+03	1.130566e-24
2.088206e+03	1.133939e-24
2.094629e+03	1.137325e-24
2.101071e+03	1.145782e-24
2.107534e+03	1.144126e-24
2.114017e+03	1.147541e-24
2.120519e+03	1.150968e-24
2.127041e+03	1.154407e-24
2.133584e+03	1.157856e-24
2.140146e+03	1.161317e-24
2.146729e+03	1.164789e-24
2.153332e+03	1.168271e-24
2.159956e+03	1.171765e-24
2.166599e+03	1.175270e-24
2.173263e+03	1.178786e-24
2.179948e+03	1.182314e-24
2.186653e+03	1.185852e-24
2.193379e+03	1.189402e-24
2.200126e+03	1.192963e-24
2.206893e+03	1.196536e-24
2.213681e+03	1.200120e-24
2.220490e+03	1.203715e-24
2.227320e+03	1.207322e-24
2.234171e+03	1.210940e-24
2.241043e+03	1.214570e-24
2.247936e+03	1.218212e-24
2.254850e+03	1.221865e-24
2.261786e+03	1.225529e-24
2.268743e+03	1.229206e-24
2.275721e+03	1.232894e-24
2.282721e+03	1.236593e-24
2.289742e+03	1.240305e-24
2.296785e+03	1.244028e-24
2.303850e+03	1.247763e-24
2.310936e+03	1.251510e-24
2.318044e+03	1.255269e-24
2.325174e+03	1.259040e-24
2.332326e+03	1.262822e-24
2.339500e+03	1.266617e-24
2.346696e+03	1.270424e-24
2.353914e+03	1.274243e-24
2.361154e+03	1.278074e-24
2.368417e+03	1.281917e-24
2.375702e+03	1.285773e-24
2.383009e+03	1.289640e-24
2.390339e+03	1.293520e-24
2.397691e+03	1.297412e-24
2.405066e+03	1.301317e-24
2.412464e+03	1.305234e-24
2.419884e+03	1.309163e-24
2.427327e+03	1.313105e-24
2.434794e+03	1.317059e-24
2.442283e+03	1.321026e-24
2.449795e+03	1.325005e-24
2.457330e+03	1.328997e-24
2.464888e+03	1.333002e-24
2.472470e+03	1.337019e-24
2.480075e+03	1.341049e-24
2.487703e+03	1.345092e-24
2.495355e+03	1.349147e-24
2.503031e+03	1.353216e-24
2.510729e+03	1.357297e-24
2.518452e+03	1.361395e-24
2.526199e+03	1.365500e-24
2.533969e+03	1.369619e-24
2.541763e+03	1.373752e-24
2.549581e+03	1.377898e-24
2.557423e+03	1.382057e-24
2.565289e+03	1.386230e-24
2.573180e+03	1.390415e-24
2.581095e+03	1.394614e-24
2.589034e+03	1.398826e-24
2.596997e+03	1.403052e-24
2.604985e+03	1.407290e-24
2.612998e+03	1.411543e-24
2.621035e+03	1.415808e-24
2.629097e+03	1.420087e-24
2.637184e+03	1.424380e-24
2.645295e+03	1.428686e-24
2.653432e+03	1.433006e-24
2.661593e+03	1.437339e-24
2.669780e+03	1.441686e-24
2.677992e+03	1.446047e-24
2.686229e+03	1.450421e-24
2.694492e+03	1.454810e-24
2.702779e+03	1.459212e-24
2.711093e+03	1.463628e-24
2.719432e+03	1.468058e-24
2.727796e+03	1.472502e-24
2.736187e+03	1.476959e-24
2.744603e+03	1.481432e-24
2.753045e+03	1.485917e-24
2.761513e+03	1.490418e-24
2.770007e+03	1.494932e-24
2.778527e+03	1.499461e-24
2.787073e+03	1.504004e-24
2.795646e+03	1.508561e-24
2.804245e+03	1.513132e-24
2.812870e+03	1.517718e-24
2.821522e+03	1.522319e-24
2.830201e+03	1.526934e-24
2.838906e+03	1.531563e-24
2.847638e+03	1.536207e-24
2.856397e+03	1.540866e-24
2.865183e+03	1.545539e-24
2.873996e+03	1.550227e-24
2.882836e+03	1.554929e-24
2.891703e+03	1.559647e-24
2.900598e+03	1.564379e-24
2.909519e+03	1.569127e-24
2.918469e+03	1.573889e-24
2.927446e+03	1.578666e-24
2.936450e+03	1.583459e-24
2.945482e+03	1.588266e-24
2.954542e+03	1.593088e-24
2.963630e+03	1.597925e-24
2.972745e+03	1.602778e-24
2.981889e+03	1.607646e-24
2.991061e+03	1.612529e-24
3.000261e+03	1.617428e-24
3.009490e+03	1.622342e-24
3.018746e+03	1.627272e-24
3.028032e+03	1.632217e-24
3.037345e+03	1.637177e-24
3.046688e+03	1.642154e-24
3.056059e+03	1.647145e-24
3.065459e+03	1.652153e-24
3.074888e+03	1.657176e-24
3.084346e+03	1.662215e-24
3.093833e+03	1.667270e-24
3.103349e+03	1.672341e-24
3.112894e+03	1.677427e-24
3.122469e+03	1.682530e-24
3.132073e+03	1.687648e-24
3.141707e+03	1.692783e-24
3.151371e+03	1.697934e-24
3.161064e+03	1.703101e-24
3.170787e+03	1.708284e-24
3.180540e+03	1.713484e-24
3.190323e+03	1.718700e-24
3.200136e+03	1.723932e-24
3.209979e+03	1.729181e-24
3.219852e+03	1.734446e-24
3.229756e+03	1.739727e-24
3.239690e+03	1.745025e-24
3.249655e+03	1.750340e-24
3.259651e+03	1.755672e-24
3.269677e+03	1.761020e-24
3.279734e+03	1.766385e-24
3.289822e+03	1.771767e-24
3.299941e+03	1.777166e-24
3.310091e+03	1.782581e-24
3.320273e+03	1.788014e-24
3.330485e+03	1.793464e-24
3.340729e+03	1.798931e-24
3.351005e+03	1.804415e-24
3.361312e+03	1.809941e-24
3.371651e+03	1.815434e-24
3.382022e+03	1.820970e-24
3.392424e+03	1.826523e-24
3.402859e+03	1.832094e-24
3.413326e+03	1.837682e-24
3.423825e+03	1.843287e-24
3.434356e+03	1.848910e-24
3.444919e+03	1.854551e-24
3.455515e+03	1.860210e-24
3.466144e+03	1.865886e-24
3.476805e+03	1.871580e-24
3.487500e+03	1.877292e-24
3.498227e+03	1.883021e-24
3.508987e+03	1.888769e-24
3.519780e+03	1.894535e-24
3.530606e+03	1.900319e-24
3.541466e+03	1.906121e-24
3.552359e+03	1.911941e-24
3.563285e+03	1.917779e-24
3.574246e+03	1.923636e-24
3.585240e+03	1.929511e-24
3.596267e+03	1.935405e-24
3.607329e+03	1.941316e-24
3.618424e+03	1.947247e-24
3.629554e+03	1.953196e-24
3.640718e+03	1.959164e-24
3.651916e+03	1.965150e-24
3.663149e+03	1.971155e-24
3.674417e+03	1.977179e-24
3.685719e+03	1.983222e-24
3.697055e+03	1.989284e-24
3.708427e+03	1.995365e-24
3.719834e+03	2.001465e-24
3.731275e+03	2.007584e-24
3.742752e+03	2.013722e-24
3.754264e+03	2.019880e-24
3.765812e+03	2.026056e-24
3.777395e+03	2.032253e-24
3.789014e+03	2.038468e-24
3.800668e+03	2.044703e-24
3.812358e+03	2.050957e-24
3.824085e+03	2.057232e-24
3.835847e+03	2.063525e-24
3.847646e+03	2.069839e-24
3.859480e+03	2.076172e-24
3.871352e+03	2.082525e-24
3.883259e+03	2.088899e-24
3.895204e+03	2.095292e-24
3.907185e+03	2.101705e-24
3.919203e+03	2.108138e-24
3.931258e+03	2.114591e-24
3.943350e+03	2.121065e-24
3.955479e+03	2.127559e-24
3.967645e+03	2.134073e-24
3.979849e+03	2.140608e-24
3.992091e+03	2.147163e-24
4.004370e+03	2.153739e-24
4.016687e+03	2.160335e-24
4.029041e+03	2.166952e-24
4.041434e+03	2.173589e-24
4.053865e+03	2.180248e-24
4.066334e+03	2.186927e-24
4.078842e+03	2.193628e-24
4.091388e+03	2.200349e-24
4.103972e+03	2.207092e-24
4.116595e+03	2.213855e-24
4.129257e+03	2.220640e-24
4.141958e+03	2.227446e-24
4.154699e+03	2.234273e-24
4.167478e+03	2.241122e-24
4.180296e+03	2.247992e-24
4.193154e+03	2.254884e-24
4.206052e+03	2.261798e-24
4.218989e+03	2.268732e-24
4.231966e+03	2.275689e-24
4.244983e+03	2.282668e-24
4.258040e+03	2.289668e-24
4.271137e+03	2.296691e-24
4.284275e+03	2.303735e-24
4.297452e+03	2.310802e-24
4.310671e+03	2.317891e-24
4.323930e+03	2.325002e-24
4.337230e+03	2.332135e-24
4.350570e+03	2.339291e-24
4.363952e+03	2.346469e-24
4.377375e+03	2.353669e-24
4.390839e+03	2.360892e-24
4.404345e+03	2.368138e-24
4.417892e+03	2.375407e-24
4.431481e+03	2.382698e-24
4.445111e+03	2.390013e-24
4.458784e+03	2.397350e-24
4.472498e+03	2.404710e-24
4.486255e+03	2.412093e-24
4.500054e+03	2.419500e-24
4.513896e+03	2.426930e-24
4.527780e+03	2.434383e-24
4.541707e+03	2.441859e-24
4.555676e+03	2.449359e-24
4.569689e+03	2.456883e-24
4.583745e+03	2.464430e-24
4.597843e+03	2.472000e-24
4.611986e+03	2.479595e-24
4.626172e+03	2.487213e-24
4.640401e+03	2.494856e-24
4.654674e+03	2.502522e-24
4.668991e+03	2.510212e-24
4.683353e+03	2.517927e-24
4.697758e+03	2.525665e-24
4.712208e+03	2.533429e-24
4.726702e+03	2.541216e-24
4.741240e+03	2.549028e-24
4.755824e+03	2.556864e-24
4.770452e+03	2.564725e-24
4.785125e+03	2.572611e-24
4.799843e+03	2.580522e-24
4.814607e+03	2.588457e-24
4.829416e+03	2.596417e-24
4.844271e+03	2.604403e-24
4.859171e+03	2.612413e-24
4.874117e+03	2.620449e-24
4.889109e+03	2.628510e-24
4.904148e+03	2.636596e-24
4.919232e+03	2.644708e-24
4.934363e+03	2.652845e-24
4.949540e+03	2.661007e-24
4.964764e+03	2.669196e-24
4.980035e+03	2.677410e-24
4.995353e+03	2.685650e-24
5.010718e+03	2.693916e-24
5.026130e+03	2.702208e-24
5.041590e+03	2.710527e-24
5.057097e+03	2.718870e-24
5.072652e+03	2.727241e-24
5.088255e+03	2.735637e-24
5.103906e+03	2.744061e-24
5.119605e+03	2.752510e-24
5.135352e+03	2.760987e-24
5.151147e+03	2.769490e-24
5.166992e+03	2.778019e-24
5.182884e+03	2.786576e-24
5.198826e+03	2.795160e-24
5.214817e+03	2.803770e-24
5.230857e+03	2.812408e-24
5.246947e+03	2.821073e-24
5.263085e+03	2.829765e-24
5.279274e+03	2.838485e-24
5.295512e+03	2.847232e-24
5.311800e+03	2.856007e-24
5.328139e+03	2.864809e-24
5.344527e+03	2.873639e-24
5.360966e+03	2.882497e-24
5.377456e+03	2.891383e-24
5.393996e+03	2.900297e-24
5.410587e+03	2.909239e-24
5.427230e+03	2.918209e-24
5.443923e+03	2.927208e-24
5.460668e+03	2.936235e-24
5.477464e+03	2.945290e-24
5.494312e+03	2.954374e-24
5.511212e+03	2.963487e-24
5.528163e+03	2.972628e-24
5.545167e+03	2.981799e-24
5.562223e+03	2.990998e-24
5.579332e+03	3.000226e-24
5.596493e+03	3.009484e-24
5.613707e+03	3.018770e-24
5.630974e+03	3.028087e-24
5.648294e+03	3.037432e-24
5.665667e+03	3.046807e-24
5.683094e+03	3.056212e-24
5.700575e+03	3.065646e-24
5.718109e+03	3.075110e-24
5.735697e+03	3.084605e-24
5.753339e+03	3.094129e-24
5.771036e+03	3.103683e-24
5.788787e+03	3.113268e-24
5.806592e+03	3.122883e-24
5.824452e+03	3.132528e-24
5.842367e+03	3.142204e-24
5.860338e+03	3.151911e-24
5.878363e+03	3.161648e-24
5.896444e+03	3.171417e-24
5.914581e+03	3.181216e-24
5.932773e+03	3.191046e-24
5.951022e+03	3.200908e-24
5.969326e+03	3.210800e-24
5.987687e+03	3.220725e-24
6.006104e+03	3.230680e-24
6.024578e+03	3.240667e-24
6.043109e+03	3.250686e-24
6.061697e+03	3.260737e-24
6.080342e+03	3.270819e-24
6.099044e+03	3.280934e-24
6.117804e+03	3.291080e-24
6.136621e+03	3.301259e-24
6.155497e+03	3.311470e-24
6.174430e+03	3.321714e-24
6.193422e+03	3.331990e-24
6.212472e+03	3.342299e-24
6.231580e+03	3.352641e-24
6.250748e+03	3.363015e-24
6.269974e+03	3.373423e-24
6.289260e+03	3.383863e-24
6.308605e+03	3.394337e-24
6.328009e+03	3.404844e-24
6.347473e+03	3.415385e-24
6.366997e+03	3.425959e-24
6.386581e+03	3.436567e-24
6.406225e+03	3.447209e-24
6.425930e+03	3.457884e-24
6.445695e+03	3.468594e-24
6.465521e+03	3.479338e-24
6.485408e+03	3.490115e-24
6.505356e+03	3.500928e-24
6.525366e+03	3.511775e-24
6.545437e+03	3.522656e-24
6.565570e+03	3.533573e-24
6.585765e+03	3.544524e-24
6.606021e+03	3.555510e-24
6.626341e+03	3.566531e-24
6.646722e+03	3.577588e-24
6.667167e+03	3.588680e-24
6.687674e+03	3.599807e-24
6.708244e+03	3.610970e-24
6.728878e+03	3.622168e-24
6.749575e+03	3.633403e-24
6.770336e+03	3.644673e-24
6.791160e+03	3.655980e-24
6.812049e+03	3.667323e-24
6.833002e+03	3.678702e-24
6.854019e+03	3.690118e-24
6.875101e+03	3.701570e-24
6.896248e+03	3.713059e-24
6.917460e+03	3.724585e-24
6.938737e+03	3.736148e-24
6.960080e+03	3.747748e-24
6.981488e+03	3.759385e-24
7.002962e+03	3.771060e-24
7.024502e+03	3.782773e-24
7.046108e+03	3.794523e-24
7.067781e+03	3.806310e-24
7.089521e+03	3.818136e-24
7.111327e+03	3.830000e-24
7.133200e+03	3.841902e-24
7.155141e+03	3.853843e-24
7.177149e+03	3.865822e-24
7.199225e+03	3.877839e-24
7.221369e+03	3.889896e-24
7.243581e+03	3.901991e-24
7.265861e+03	3.914125e-24
7.288210e+03	3.926299e-24
7.310627e+03	3.938512e-24
7.333114e+03	3.950765e-24
7.355669e+03	3.963057e-24
7.378294e+03	3.975389e-24
7.400989e+03	3.987761e-24
7.423753e+03	4.000173e-24
7.446588e+03	4.012625e-24
7.469493e+03	4.025117e-24
7.492468e+03	4.037651e-24
7.515513e+03	4.050225e-24
7.538630e+03	4.062839e-24
7.561818e+03	4.075495e-24
7.585077e+03	4.088192e-24
7.608408e+03	4.100930e-24
7.631810e+03	4.113710e-24
7.655284e+03	4.126532e-24
7.678831e+03	4.139395e-24
7.702450e+03	4.152300e-24
7.726141e+03	4.165247e-24
7.749906e+03	4.178237e-24
7.773744e+03	4.191269e-24
7.797654e+03	4.204343e-24
7.821639e+03	4.217461e-24
7.845697e+03	4.230621e-24
7.869829e+03	4.243825e-24
7.894036e+03	4.257071e-24
7.918317e+03	4.270362e-24
7.942672e+03	4.283695e-24
7.967103e+03	4.297073e-24
7.991609e+03	4.310495e-24
8.016190e+03	4.323960e-24
8.040846e+03	4.337471e-24
8.065579e+03	4.351025e-24
8.090387e+03	4.364624e-24
8.115272e+03	4.378269e-24
8.140234e+03	4.391958e-24
8.165272e+03	4.405692e-24
8.190387e+03	4.419472e-24
8.215580e+03	4.433298e-24
8.240850e+03	4.447169e-24
8.266197e+03	4.461086e-24
8.291623e+03	4.475050e-24
8.317127e+03	4.489060e-24
8.342709e+03	4.503116e-24
8.368370e+03	4.517220e-24
8.394110e+03	4.531370e-24
8.419929e+03	4.545567e-24
8.445828e+03	4.559812e-24
8.471806e+03	4.574104e-24
8.497864e+03	4.588445e-24
8.524002e+03	4.602833e-24
8.550221e+03	4.617269e-24
8.576520e+03	4.631754e-24
8.602900e+03	4.646287e-24
8.629361e+03	4.660870e-24
8.655904e+03	4.675501e-24
8.682529e+03	4.690182e-24
8.709235e+03	4.704912e-24
8.736023e+03	4.719692e-24
8.762894e+03	4.734522e-24
8.789847e+03	4.749402e-24
8.816884e+03	4.764333e-24
8.844003e+03	4.779314e-24
8.871206e+03	4.794346e-24
8.898493e+03	4.809430e-24
8.925863e+03	4.824564e-24
8.953318e+03	4.839751e-24
8.980857e+03	4.854989e-24
9.008481e+03	4.870280e-24
9.036190e+03	4.885623e-24
9.063984e+03	4.901018e-24
9.091863e+03	4.916467e-24
9.119828e+03	4.931969e-24
9.147880e+03	4.947524e-24
9.176017e+03	4.963133e-24
9.204241e+03	4.978796e-24
9.232552e+03	4.994513e-24
9.260950e+03	5.010285e-24
9.289436e+03	5.026112e-24
9.318009e+03	5.041994e-24
9.346669e+03	5.057931e-24
9.375418e+03	5.073925e-24
9.404256e+03	5.089974e-24
9.433182e+03	5.106080e-24
9.462197e+03	5.122242e-24
9.491302e+03	5.138462e-24
9.520496e+03	5.154739e-24
9.549779e+03	5.171073e-24
9.579153e+03	5.187466e-24
9.608617e+03	5.203917e-24
9.638172e+03	5.220427e-24
9.667817e+03	5.236996e-24
9.697554e+03	5.253624e-24
9.727383e+03	5.270312e-24
9.757303e+03	5.287060e-24
9.787315e+03	5.303869e-24
9.817419e+03	5.320739e-24
9.847616e+03	5.337670e-24
9.877906e+03	5.354663e-24
9.908289e+03	5.371719e-24
9.938765e+03	5.388836e-24
9.969336e+03	5.406017e-24
1.000000e+04	5.423261e-24
